3 0.21349999999999997 0.7790902777777778 0.04105859375 0.02022222222222222
10 0.19032421875 0.6297708333333334 0.052000000000000005 0.059534722222222225
8 0.07601171875 0.6790833333333334 0.026500000000000003 0.0609375
3 0.07548828125 0.8196111111111111 0.035875000000000004 0.013291666666666667
9 0.3401796875 0.5566111111111111 0.0418203125 0.0798888888888889
3 0.3795 0.6899583333333333 0.0423359375 0.03177083333333333
3 0.572453125 0.7121875 0.037613281250000005 0.020666666666666667
4 0.07275390625 0.7803819444444444 0.0673828125 0.2899305555555556
4 0.7373046875 0.7126736111111112 0.068359375 0.22743055555555555
4 0.6640625 0.5954861111111112 0.05078125 0.21180555555555555
5 0.54052734375 0.6032986111111112 0.1748046875 0.3003472222222222
5 0.4111328125 0.4730902777777778 0.087890625 0.16145833333333334
5 0.361328125 0.6015625 0.142578125 0.24479166666666666
5 0.208984375 0.6857638888888888 0.130859375 0.2673611111111111
5 0.2119140625 0.4600694444444444 0.10546875 0.17708333333333334
5 0.28759765625 0.3541666666666667 0.0791015625 0.125