10 0.03662109375 0.7650486111111111 0.03678515625 0.0798611111111111
11 0.03190234375 0.7630208333333334 0.009113281249999999 0.03877083333333333
9 0.07926562499999999 0.5894097222222222 0.0322265625 0.05381944444444445
9 0.11767578125 0.59925 0.0224609375 0.050347222222222224
3 0.57268359375 0.36681250000000004 0.017578125 0.008430555555555556
3 0.69880078125 0.43874305555555554 0.017578125 0.009423611111111112
5 0.5517578125 0.3229166666666667 0.091796875 0.1284722222222222
5 0.66064453125 0.4010416666666667 0.1181640625 0.14583333333333334
5 0.4697265625 0.2543402777777778 0.0546875 0.08854166666666667
5 0.35791015625 0.20833333333333334 0.0458984375 0.07291666666666667
5 0.40771484375 0.1440972222222222 0.0361328125 0.052083333333333336
5 0.0966796875 0.6076388888888888 0.177734375 0.1840277777777778
5 0.1005859375 0.7864583333333334 0.201171875 0.23958333333333334
5 0.15283203125 0.9296875 0.3056640625 0.140625