8 0.0234375 0.8703680555555555 0.04426953125 0.08796527777777778
10 0.55598828125 0.7766180555555555 0.04426953125 0.09953472222222223
5 0.58528515625 0.8344930555555556 0.20963671874999998 0.3310208333333333
5 0.396484375 0.4560208333333333 0.10807421875 0.2037013888888889
10 0.376953125 0.4305555555555556 0.02994921875 0.05555555555555555
9 0.41145703125 0.43981250000000005 0.02604296875 0.06944444444444445
5 0.26953125 0.3182847222222222 0.06510546874999999 0.1087986111111111
5 0.66145703125 0.39814583333333337 0.11979296875 0.14352083333333332
5 0.55078125 0.3194444444444444 0.09635546874999999 0.12963194444444442
5 0.46809765625 0.24884027777777776 0.05338671874999999 0.08564583333333334
4 0.38932421875 0.2824097222222222 0.02864453125 0.09722222222222222
4 0.05143359374999999 0.9131944444444444 0.09505078125000001 0.1736111111111111