10 0.57740234375 0.7707638888888889 0.04230078125 0.07763888888888888
3 0.633515625 0.9506458333333334 0.052968749999999995 0.025368055555555557
10 0.3309375 0.6112500000000001 0.0415625 0.059534722222222225
3 0.35827734375000003 0.7450625000000001 0.038953125 0.021604166666666667
8 0.71319921875 0.6642638888888889 0.02483203125 0.06834722222222223
3 0.73337890625 0.7929861111111112 0.0261328125 0.029486111111111112
5 0.349609375 0.6631944444444444 0.12890625 0.2777777777777778
5 0.474609375 0.5902777777777778 0.1484375 0.2534722222222222
5 0.57763671875 0.5503472222222222 0.1318359375 0.2222222222222222
5 0.60205078125 0.8289930555555556 0.1943359375 0.3385416666666667
5 0.6611328125 0.3967013888888889 0.119140625 0.1371527777777778
4 0.71484375 0.7604166666666666 0.07421875 0.25
4 0.3310546875 0.3663194444444444 0.033203125 0.13541666666666666