10 0.26041796875 0.49189583333333337 0.03385546875 0.0625
9 0.30078125 0.7557847222222221 0.0390625 0.07175694444444444
6 0.48046875 0.5069444444444444 0.0234375 0.04629861111111111
5 0.33203125 0.8055555555555556 0.17708203125 0.3287013888888889
5 0.28385546875 0.5266180555555556 0.109375 0.2106458333333333
5 0.44987109375 0.47685416666666663 0.10546875 0.17592361111111113
5 0.59505078125 0.9224513888888889 0.46614453125 0.15509027777777779
5 0.55338671875 0.3217569444444444 0.09114453125000001 0.1388888888888889
5 0.65299609375 0.3368055555555556 0.08723828125000001 0.1273125
5 0.47200390625 0.2581041666666667 0.05338671874999999 0.09027777777777778
4 0.390625 0.2916666666666667 0.03125 0.10185416666666666
4 0.421875 0.3495347222222222 0.046875 0.12036805555555556
4 0.4765625 0.5844930555555555 0.05729296874999999 0.2013888888888889
4 0.57161328125 0.39699305555555553 0.04948046875 0.14583333333333334