9 0.34973828125 0.8912013888888889 0.0453125 0.08703472222222222
3 0.36809765625 0.5893541666666666 0.02734375 0.013888888888888888
10 0.33932421874999996 0.48981250000000004 0.025519531249999998 0.043520833333333335
9 0.3734375 0.48981250000000004 0.0328125 0.041666666666666664
11 0.33151171874999996 0.48819444444444443 0.00989453125 0.022687500000000003
8 0.283984375 0.24004861111111112 0.00598828125 0.01157638888888889
8 0.28137890625 0.25277777777777777 0.00494921875 0.012034722222222221
6 0.48997265624999997 0.27036805555555554 0.00807421875 0.015743055555555555
3 0.47734375 0.30949305555555556 0.00520703125 0.006020833333333333
3 0.57252734375 0.3671319444444444 0.01796875 0.009256944444444444
3 0.698828125 0.4388888888888889 0.01796875 0.008333333333333333
3 0.253078125 0.2419861111111111 0.00555859375 0.006944444444444444
8 0.2566875 0.2048611111111111 0.005859375 0.012819444444444446
8 0.744140625 0.8576388888888888 0.021484375 0.052083333333333336
5 0.35400390625 0.53125 0.1220703125 0.2048611111111111
5 0.37158203125 0.8706597222222222 0.1845703125 0.2586805555555556
5 0.5517578125 0.3229166666666667 0.09765625 0.1284722222222222
5 0.66015625 0.4010416666666667 0.119140625 0.13194444444444445
4 0.2841796875 0.2760416666666667 0.029296875 0.10069444444444445
4 0.7451171875 0.9114583333333334 0.08203125 0.17708333333333334
4 0.8955078125 0.7552083333333334 0.107421875 0.22569444444444445