6 0.39525 0.6886805555555556 0.16799999999999998 0.2845763888888889
6 0.6642070312499999 0.8790972222222223 0.25279296875 0.24180555555555555
4 0.7616328125 0.8487847222222222 0.08044921875 0.2575694444444444
6 0.75771875 0.7472291666666666 0.025753906250000003 0.04752083333333334
5 0.5677421875 0.6451458333333333 0.17313671875 0.2739027777777778
5 0.45963281250000004 0.49768749999999995 0.10926171874999999 0.1734375
4 0.0955546875 0.8239930555555556 0.189703125 0.2982638888888889
6 0.08784765624999999 0.7040486111111112 0.03756640625 0.058368055555555555
8 0.04838671875 0.7182777777777777 0.028957031249999998 0.052118055555555556
4 0.9603125 0.8878055555555556 0.079375 0.21061805555555557
6 0.980609375 0.8217986111111112 0.030125000000000002 0.07164583333333334