6 0.55078125 0.6574097222222222 0.03645703125 0.0601875
8 0.54362109375 0.6377291666666667 0.03255078125 0.04861111111111111
6 0.48893359375 0.5324097222222222 0.02473828125 0.041666666666666664
8 0.482421875 0.5173611111111112 0.02213671875 0.043979166666666666
4 0.55338671875 0.7476875000000001 0.078125 0.2777777777777778
4 0.484375 0.6041666666666666 0.05208203125000001 0.2222222222222222
4 0.509765625 0.53125 0.05078125 0.18286805555555555
5 0.38216015625 0.8356458333333333 0.20703125 0.3287013888888889
5 0.25325390625 0.6145833333333334 0.10286328125 0.22916666666666666
9 0.27213671875 0.5902777777777778 0.03645703125 0.07407638888888889
5 0.30924609375 0.4733819444444444 0.11328125 0.1875
5 0.412109375 0.4050902777777778 0.07942578125000001 0.15740972222222221