10 0.3154296875 0.5546875 0.025390625 0.05381944444444445
3 0.349609375 0.6712986111111111 0.03515625 0.016972222222222222
6 0.55902734375 0.6774722222222221 0.01996484375 0.04629861111111111
6 0.6299921875 0.5733055555555555 0.015191406250000001 0.035493055555555555
6 0.6642812499999999 0.5003888888888889 0.014324218750000001 0.02854861111111111
6 0.31553906249999997 0.2025486111111111 0.0078125 0.014659722222222222
8 0.28233593749999997 0.6944444444444444 0.018664062500000002 0.043208333333333335
3 0.2890625 0.8352638888888889 0.025171875 0.010027777777777778
3 0.5733515625 0.8248472222222222 0.024304687499999998 0.0077152777777777775
3 0.64453125 0.6747708333333333 0.017359375 0.008486111111111111
3 0.67448046875 0.5609583333333333 0.015625 0.009256944444444444
3 0.25694531249999997 0.2611875 0.01996484375 0.008486111111111111
5 0.26220703125 0.24131944444444445 0.0556640625 0.08680555555555555
5 0.33544921875 0.5972222222222222 0.1396484375 0.2222222222222222
5 0.46875 0.2526041666666667 0.0546875 0.0920138888888889
5 0.55126953125 0.3194444444444444 0.0908203125 0.12152777777777778
5 0.66015625 0.4010416666666667 0.1171875 0.13541666666666666
4 0.31396484375 0.23177083333333334 0.0185546875 0.08506944444444445
4 0.66943359375 0.5590277777777778 0.0439453125 0.1701388888888889
4 0.630859375 0.6553819444444444 0.056640625 0.2170138888888889
4 0.56201171875 0.7890625 0.0673828125 0.2725694444444444
4 0.28759765625 0.8133680555555556 0.0693359375 0.2864583333333333