10 0.3895078125 0.5037222222222222 0.02399609375 0.04117361111111111
11 0.3839296875 0.5076875000000001 0.00948828125 0.0233125
3 0.42201562499999995 0.6143333333333333 0.03152734375 0.014381944444444445
3 0.54659765625 0.8187013888888889 0.03459765625 0.015375
10 0.5390625 0.6770833333333334 0.03348046875 0.057541666666666665
11 0.5400390625 0.6803055555555555 0.01311328125 0.03819444444444445
10 0.49623437499999995 0.6743541666666667 0.0242734375 0.06696527777777778
3 0.6767578125 0.7311527777777778 0.02762109375 0.012895833333333334
10 0.6544375 0.6118541666666667 0.02706640625 0.0391875
10 0.619140625 0.6086319444444445 0.02008984375 0.04563194444444444
10 0.69363671875 0.935513888888889 0.04352734375 0.08928472222222222
11 0.683453125 0.9399791666666666 0.0147890625 0.03174305555555556
3 0.30245703125 0.9317986111111111 0.04743359375 0.01934722222222222
10 0.2550234375 0.7058541666666667 0.0457578125 0.07242361111111112
11 0.2470703125 0.7088263888888889 0.0164609375 0.035715277777777776
6 0.38727734375 0.3360625 0.01004296875 0.0233125
3 0.39201953125 0.40054861111111106 0.01116015625 0.0074375000000000005
6 0.44363671875 0.33655555555555555 0.00948828125 0.021326388888888888
3 0.4482421875 0.3871527777777778 0.01144140625 0.0074375000000000005
5 0.55419921875 0.3211805555555556 0.0927734375 0.1284722222222222
5 0.6630859375 0.4010416666666667 0.115234375 0.1423611111111111
5 0.40625 0.5347222222222222 0.125 0.23958333333333334
5 0.28759765625 0.7682291666666666 0.1865234375 0.390625
5 0.515625 0.7256944444444444 0.18359375 0.2881944444444444
5 0.6376953125 0.6484375 0.169921875 0.234375
5 0.705078125 0.8932291666666666 0.240234375 0.21354166666666666
4 0.4453125 0.3854166666666667 0.033203125 0.13194444444444445
4 0.39013671875 0.3715277777777778 0.0380859375 0.1111111111111111