8 0.60498046875 0.5402222222222222 0.010089843749999999 0.026041666666666668
3 0.611328125 0.6472777777777778 0.010417968750000001 0.008680555555555556
8 0.57470703125 0.3561944444444444 0.0087890625 0.0179375
3 0.5888671875 0.41770833333333335 0.005859375 0.008333333333333333
3 0.35634765625 0.7111111111111111 0.0353515625 0.015277777777777777
10 0.3599609375 0.5838541666666667 0.020703125 0.046875
10 0.32705078125 0.4527777777777778 0.0220703125 0.04097222222222222
3 0.367578125 0.32534722222222223 0.0109375 0.005555555555555556
3 0.31875 0.24079861111111112 0.012890625 0.007291666666666667
6 0.36669921875 0.2826388888888889 0.0099609375 0.020833333333333332
3 0.35380859375 0.21163194444444444 0.0095703125 0.005902777777777778
3 0.69892578125 0.4383680555555556 0.0169921875 0.00798611111111111
5 0.34033203125 0.6319444444444444 0.1435546875 0.2326388888888889
5 0.3427734375 0.4765625 0.091796875 0.16493055555555555
5 0.3193359375 0.2144097222222222 0.0546875 0.0920138888888889
5 0.5517578125 0.3246527777777778 0.095703125 0.125
5 0.66064453125 0.3975694444444444 0.1142578125 0.13541666666666666
4 0.57373046875 0.4097222222222222 0.0537109375 0.12152777777777778
4 0.3662109375 0.3211805555555556 0.03125 0.1111111111111111
4 0.603515625 0.6258680555555556 0.05859375 0.21354166666666666
4 0.91943359375 0.7690972222222222 0.1123046875 0.21875