3 0.33447265625 0.8449097222222223 0.04459765625 0.01967361111111111
3 0.59912109375 0.8125 0.03483203125 0.013888888888888888
6 0.595703125 0.8475138888888889 0.02669140625 0.05497916666666667
3 0.60888671875 0.9794583333333334 0.02766796875 0.009840277777777778
9 0.58658984375 0.6762152777777778 0.03515625 0.051506944444444445
3 0.64420703125 0.6070625 0.012371093750000001 0.012729166666666665
6 0.635578125 0.5332777777777777 0.015300781250000001 0.03298611111111111
6 0.7443046875 0.6296319444444444 0.0166015625 0.03125
3 0.75537109375 0.7210624999999999 0.013347656250000001 0.013888888888888888
10 0.295734375 0.6799791666666667 0.03157421875 0.06134027777777778
11 0.2900390625 0.6846041666666667 0.014324218750000001 0.035881944444444445
8 0.39306640625 0.3498263888888889 0.012042968749999999 0.020256944444444445
3 0.3982734375 0.4201388888888889 0.00618359375 0.008104166666666666
6 0.408203125 0.2766180555555555 0.009113281249999999 0.01967361111111111
3 0.57291796875 0.3666111111111111 0.01692578125 0.009840277777777778
3 0.6708984375 0.37095138888888884 0.01627734375 0.008104166666666666
5 0.322265625 0.7387152777777778 0.15625 0.2829861111111111
5 0.564453125 0.7126736111111112 0.17578125 0.2690972222222222
5 0.55126953125 0.3255208333333333 0.0927734375 0.1232638888888889
5 0.65283203125 0.3472222222222222 0.0947265625 0.11805555555555555
4 0.3935546875 0.3984375 0.03515625 0.140625
4 0.40869140625 0.3081597222222222 0.0283203125 0.09895833333333333
4 0.6396484375 0.6032986111111112 0.046875 0.1892361111111111
4 0.59765625 0.8993055555555556 0.091796875 0.2013888888888889
4 0.73681640625 0.6796875 0.0634765625 0.1440972222222222