3 0.7100195312500001 0.9152361111111111 0.01976171875 0.006944444444444444
3 0.21817578124999998 0.47263194444444445 0.0245859375 0.012256944444444444
10 0.21185546875 0.38459722222222226 0.0234375 0.030638888888888886
11 0.20760546875000002 0.38602777777777775 0.007124999999999999 0.013888888888888888
3 0.2848125 0.37111805555555555 0.0199921875 0.009395833333333332
3 0.3296171875 0.33313194444444444 0.0167734375 0.007763888888888889
3 0.27516015625 0.23304861111111108 0.01309765625 0.006125
6 0.41486718749999996 0.2412152777777778 0.007124999999999999 0.017562499999999998
3 0.57249609375 0.36744444444444446 0.017234375 0.008576388888888889
6 0.70634375 0.43831944444444443 0.014707031249999999 0.026145833333333333
5 0.2236328125 0.421875 0.1015625 0.1701388888888889
5 0.28271484375 0.3376736111111111 0.0712890625 0.11284722222222222
5 0.32861328125 0.2994791666666667 0.0673828125 0.109375
5 0.55322265625 0.3220486111111111 0.0927734375 0.13368055555555555
5 0.64404296875 0.4661458333333333 0.1259765625 0.16145833333333334
4 0.70654296875 0.4973958333333333 0.0947265625 0.16145833333333334
4 0.6943359375 0.8923611111111112 0.083984375 0.2152777777777778
4 0.41357421875 0.2664930555555556 0.0283203125 0.07465277777777778