6 0.05078125 0.828125 0.033203125 0.05555555555555555
3 0.5720898437499999 0.3664791666666667 0.01846484375 0.006944444444444444
3 0.6990429687499999 0.43844444444444447 0.01669140625 0.009472222222222222
8 0.37395703125 0.2523125 0.00625 0.013888888888888888
3 0.37316015625 0.29288888888888887 0.00459375 0.005722222222222222
3 0.34053125 0.25225000000000003 0.005515625 0.006944444444444444
8 0.34260156249999996 0.21834027777777779 0.0050546875 0.011027777777777779
4 0.07568359375 0.8967013888888888 0.1513671875 0.2065972222222222
4 0.37353515625 0.2855902777777778 0.0263671875 0.0954861111111111
4 0.341796875 0.2543402777777778 0.0234375 0.08854166666666667
4 0.40185546875 0.17708333333333334 0.0166015625 0.059027777777777776
5 0.3486328125 0.18229166666666666 0.046875 0.06597222222222222
5 0.4619140625 0.1267361111111111 0.03125 0.04513888888888889
5 0.46875 0.2534722222222222 0.05859375 0.08680555555555555
5 0.552734375 0.3220486111111111 0.091796875 0.1232638888888889
5 0.6513671875 0.3220486111111111 0.08203125 0.0642361111111111
5 0.66015625 0.40625 0.1171875 0.1423611111111111
5 0.306640625 0.14583333333333334 0.046875 0.0625
5 0.203125 0.16927083333333334 0.0234375 0.0642361111111111