3 0.6712734375 0.3701944444444445 0.0174296875 0.007479166666666666
3 0.57196484375 0.36752083333333335 0.0177265625 0.010680555555555556
8 0.7447421875 0.9043819444444444 0.02433984375 0.04700694444444444
8 0.14408203125000002 0.80075 0.02433984375 0.05128472222222222
3 0.33881640625 0.44316666666666665 0.022203125 0.010597222222222221
3 0.34991796875 0.20870138888888887 0.0123359375 0.005847222222222222
4 0.16748046875 0.8828125 0.1982421875 0.234375
4 0.7392578125 0.9331597222222222 0.134765625 0.13368055555555555
5 0.3369140625 0.4036458333333333 0.08203125 0.15104166666666666
5 0.35302734375 0.1918402777777778 0.0478515625 0.07465277777777778
5 0.552734375 0.3220486111111111 0.095703125 0.13020833333333334
5 0.65380859375 0.3402777777777778 0.0908203125 0.11458333333333333