6 0.47692968750000003 0.5620694444444444 0.01489453125 0.03211805555555555
3 0.48583984375 0.6469166666666666 0.01904296875 0.00825
3 0.39245703125000003 0.40408333333333335 0.012453124999999999 0.006944444444444444
8 0.39318749999999997 0.3381111111111111 0.008546874999999999 0.022569444444444444
3 0.40490624999999997 0.29969444444444443 0.01489453125 0.006513888888888889
3 0.572265625 0.36697222222222226 0.01806640625 0.00825
3 0.6989726562499999 0.43988888888888894 0.01806640625 0.009118055555555556
3 0.2744140625 0.2899305555555556 0.00927734375 0.010416666666666666
4 0.48095703125 0.6458333333333334 0.0595703125 0.21875
4 0.3916015625 0.3923611111111111 0.037109375 0.14583333333333334
5 0.2763671875 0.2569444444444444 0.048828125 0.10069444444444445
5 0.396484375 0.2743055555555556 0.05859375 0.09722222222222222
5 0.552734375 0.3211805555555556 0.091796875 0.1284722222222222
5 0.66064453125 0.4036458333333333 0.1162109375 0.13368055555555555