10 0.328125 0.7581041666666667 0.03385546875 0.0763888888888889
6 0.49153515625 0.5150486111111111 0.02734375 0.057868055555555555
6 0.39323046875 0.4016180555555556 0.02604296875 0.05324305555555556
6 0.56575390625 0.49768749999999995 0.02734375 0.05555555555555555
5 0.36198046875 0.8125 0.20573046874999998 0.3333333333333333
5 0.548828125 0.3171319444444445 0.08463671874999999 0.13425694444444444
5 0.65885546875 0.39699305555555553 0.125 0.1273125
5 0.34244921875 0.2858819444444445 0.05989453125000001 0.11342361111111111
4 0.39387890625 0.44328472222222226 0.04817578125 0.1597222222222222
4 0.49153515625 0.5902777777777778 0.04557421875 0.1990763888888889
4 0.57356640625 0.5821736111111111 0.06640625 0.2106458333333333