3 0.48899609374999997 0.943236111111111 0.050386718750000004 0.029069444444444443
10 0.4121796875 0.7124236111111112 0.047796875 0.10910416666666668
8 0.661640625 0.7712222222222221 0.0258828125 0.06929861111111112
10 0.17001171875 0.4644652777777778 0.04262890625 0.07152777777777777
3 0.18225 0.5598472222222222 0.030648437499999997 0.021548611111111112
5 0.185546875 0.5052083333333334 0.1015625 0.1840277777777778
5 0.3564453125 0.5859375 0.12890625 0.22395833333333334
5 0.4482421875 0.7855902777777778 0.228515625 0.4045138888888889
5 0.47021484375 0.5703125 0.1455078125 0.24479166666666666
5 0.64794921875 0.6154513888888888 0.1728515625 0.22395833333333334
5 0.8076171875 0.8480902777777778 0.24609375 0.3038194444444444
5 0.6591796875 0.40625 0.11328125 0.1423611111111111