8 0.36901171875 0.21550694444444443 0.00625 0.01342361111111111
3 0.36875 0.24930555555555556 0.007292968750000001 0.005090277777777778
8 0.43828125 0.35555555555555557 0.0078125 0.018520833333333334
3 0.44088671875 0.4201388888888889 0.00989453125 0.010645833333333334
8 0.498046875 0.4747708333333333 0.01223828125 0.028243055555555556
3 0.50494921875 0.5534722222222223 0.017707031249999998 0.007868055555555555
8 0.236328125 0.39285416666666667 0.0106015625 0.021826388888888888
3 0.23119921875 0.46658333333333335 0.01220703125 0.011284722222222222
3 0.3396328125 0.22160416666666669 0.0107421875 0.005208333333333333
3 0.28962109375 0.25285416666666666 0.01339453125 0.006694444444444445
3 0.28969140625 0.3819444444444444 0.02023046875 0.010416666666666666
5 0.34684375 0.1956041666666667 0.0537109375 0.07407638888888889
4 0.3693046875 0.24913194444444445 0.01985546875 0.08390972222222222
5 0.2880859375 0.3472222222222222 0.076171875 0.11458333333333333
5 0.29296875 0.22916666666666666 0.048828125 0.0763888888888889
5 0.3466796875 0.19444444444444445 0.052734375 0.06944444444444445
5 0.4677734375 0.2517361111111111 0.056640625 0.09027777777777778
5 0.5517578125 0.3229166666666667 0.095703125 0.1284722222222222
5 0.6630859375 0.4001736111111111 0.115234375 0.1371527777777778
4 0.4384765625 0.4079861111111111 0.03515625 0.1284722222222222
4 0.234375 0.4557291666666667 0.04296875 0.16145833333333334
4 0.501953125 0.5512152777777778 0.052734375 0.19270833333333334
4 0.9501953125 0.9270833333333334 0.099609375 0.14583333333333334