3 0.43359375 0.6750555555555556 0.02734375 0.015625
3 0.56591796875 0.6348402777777777 0.01790234375 0.008104166666666666
6 0.55598828125 0.53125 0.014972656249999999 0.03240972222222222
3 0.57194140625 0.3663194444444444 0.017578125 0.008104166666666666
3 0.6990546875 0.43952777777777774 0.0185546875 0.008680555555555556
3 0.27251171875 0.34557638888888886 0.020765625 0.009138888888888889
5 0.28125 0.3020833333333333 0.076171875 0.1527777777777778
5 0.41943359375 0.5694444444444444 0.1435546875 0.2638888888888889
5 0.5537109375 0.3246527777777778 0.095703125 0.1284722222222222
5 0.6630859375 0.4019097222222222 0.119140625 0.140625
4 0.5576171875 0.6154513888888888 0.052734375 0.2170138888888889