6 0.2158203125 0.37268749999999995 0.011066406249999999 0.03009027777777778
6 0.34798046875 0.7870347222222221 0.029296875 0.05324305555555556
8 0.31217578125 0.7667847222222223 0.02018359375 0.04513888888888889
8 0.21484375 0.8831041666666667 0.03125 0.043979166666666666
8 0.3798828125 0.17847222222222223 0.005078125 0.011111111111111112
3 0.37683984375 0.2107847222222222 0.00597265625 0.004083333333333333
6 0.66073046875 0.49734722222222216 0.01309765625 0.028999999999999998
3 0.6733671875 0.5620902777777778 0.01539453125 0.005722222222222222
3 0.20771875 0.4375 0.00965234375 0.005722222222222222
4 0.66162109375 0.5659722222222222 0.0576171875 0.18055555555555555
4 0.21240234375 0.4314236111111111 0.0439453125 0.16493055555555555
4 0.35400390625 0.8671875 0.2021484375 0.265625
4 0.2080078125 0.9279513888888888 0.162109375 0.1440972222222222
5 0.69189453125 0.8802083333333334 0.2509765625 0.23958333333333334
5 0.55224609375 0.3237847222222222 0.0927734375 0.13020833333333334
5 0.662109375 0.4027777777777778 0.1171875 0.13541666666666666
5 0.47021484375 0.2526041666666667 0.0556640625 0.08854166666666667