3 0.40176953125 0.41462499999999997 0.02091015625 0.008986111111111111
3 0.330765625 0.5512638888888889 0.02734375 0.015930555555555555
3 0.30951171875 0.33639583333333334 0.0151640625 0.007763888888888889
9 0.3444375 0.4534305555555556 0.02435546875 0.03921527777777778
3 0.57203515625 0.36683333333333334 0.0167734375 0.008166666666666666
3 0.6703828125 0.37050694444444443 0.017234375 0.006534722222222222
5 0.32666015625 0.4826388888888889 0.1123046875 0.2013888888888889
5 0.36767578125 0.8567708333333334 0.3369140625 0.2864583333333333
5 0.31005859375 0.3029513888888889 0.0634765625 0.09895833333333333
5 0.3935546875 0.3515625 0.087890625 0.16145833333333334
5 0.5517578125 0.3229166666666667 0.09765625 0.1284722222222222
5 0.64990234375 0.3428819444444444 0.0869140625 0.11631944444444445