3 0.27959765625 0.8942291666666667 0.0213359375 0.008548611111111111
3 0.325421875 0.8568402777777777 0.04146484375 0.017097222222222222
8 0.2364765625 0.7724375 0.01983203125 0.05128472222222222
9 0.282453125 0.6952430555555555 0.032453125 0.06677083333333333
8 0.5546875 0.8504305555555555 0.02103515625 0.03952777777777778
6 0.60651953125 0.849361111111111 0.026742187499999997 0.057694444444444444
6 0.68359375 0.775638888888889 0.02583984375 0.044875000000000005
3 0.50691015625 0.6212638888888888 0.01802734375 0.007479166666666666
8 0.49819531250000004 0.5240416666666666 0.01201953125 0.029916666666666664
8 0.48842968750000004 0.517625 0.00871484375 0.02029861111111111
5 0.31201171875 0.7482638888888888 0.1630859375 0.3125
5 0.55126953125 0.3220486111111111 0.0947265625 0.1267361111111111
5 0.65234375 0.3428819444444444 0.08984375 0.11631944444444445
4 0.49853515625 0.5989583333333334 0.0556640625 0.21180555555555555
4 0.24267578125 0.8671875 0.1298828125 0.265625
4 0.60107421875 0.9053819444444444 0.1591796875 0.1892361111111111
4 0.689453125 0.8619791666666666 0.1484375 0.22743055555555555
4 0.3447265625 0.3107638888888889 0.029296875 0.1111111111111111
5 0.26220703125 0.2604166666666667 0.0595703125 0.09375