6 0.388671875 0.4305555555555556 0.02213671875 0.041666666666666664
10 0.26953125 0.44675694444444447 0.02864453125 0.06944444444444445
6 0.43033984375 0.3854166666666667 0.02213671875 0.03935416666666667
6 0.39192578125 0.3483819444444445 0.02604296875 0.043979166666666666
6 0.283203125 0.2847222222222222 0.02213671875 0.03703472222222222
4 0.28645703125 0.3206041666666667 0.03125 0.11342361111111111
4 0.39387890625 0.38078472222222226 0.03515625 0.1087986111111111
4 0.38737109375 0.5 0.04036328125 0.16666666666666666
4 0.43098828125 0.43518749999999995 0.03645703125 0.14352083333333332
5 0.28385546875 0.4861111111111111 0.09895703125000001 0.1898125
5 0.552734375 0.3275486111111111 0.09244921874999999 0.1273125
5 0.65625 0.3506944444444444 0.09114453125000001 0.12268749999999999
5 0.46744921875 0.2523125 0.0546875 0.10185416666666666