3 0.41875 0.4280069444444445 0.01198046875 0.006020833333333333
8 0.61171875 0.42939583333333337 0.0109375 0.018979166666666665
3 0.2875 0.28900694444444447 0.01484375 0.00625
3 0.25612109375 0.2523125 0.01354296875 0.006944444444444444
3 0.572265625 0.36747916666666663 0.017707031249999998 0.0085625
3 0.69715234375 0.5100069444444444 0.0183828125 0.008576388888888889
6 0.78297265625 0.7616388888888889 0.02366796875 0.042888888888888886
4 0.78271484375 0.8567708333333334 0.1513671875 0.24479166666666666
4 0.41796875 0.4288194444444444 0.037109375 0.1388888888888889
4 0.61572265625 0.4904513888888889 0.0947265625 0.14756944444444445
5 0.2939453125 0.2638888888888889 0.068359375 0.10069444444444445
5 0.25732421875 0.22569444444444445 0.0478515625 0.0763888888888889
5 0.55224609375 0.3211805555555556 0.0927734375 0.11805555555555555
5 0.65869140625 0.4652777777777778 0.1279296875 0.14583333333333334