8 0.66350390625 0.7539652777777778 0.01730078125 0.0386875
3 0.685546875 0.8849236111111111 0.0206484375 0.008930555555555554
10 0.45326562499999995 0.9193958333333334 0.0343203125 0.07886805555555555
9 0.5087890625 0.9273333333333332 0.05217578125 0.08284027777777778
3 0.38546484375 0.6996527777777778 0.03543359375 0.017361111111111112
3 0.57268359375 0.36681250000000004 0.0164609375 0.0074375000000000005
3 0.69894140625 0.4389861111111111 0.01730078125 0.008930555555555554
3 0.29548046875 0.42485416666666664 0.02176171875 0.013395833333333333
3 0.29407421875 0.2495347222222222 0.01315234375 0.006479166666666667
3 0.36022265625 0.2152777777777778 0.00325390625 0.0032430555555555554
6 0.36171875 0.18946527777777777 0.00625 0.013194444444444444
5 0.36328125 0.6267361111111112 0.146484375 0.25
5 0.4794921875 0.8862847222222222 0.232421875 0.22743055555555555
5 0.29150390625 0.3784722222222222 0.0966796875 0.16319444444444445
5 0.2978515625 0.2282986111111111 0.05078125 0.078125
5 0.5546875 0.3229166666666667 0.09375 0.125
5 0.66064453125 0.4071180555555556 0.1142578125 0.140625
4 0.35986328125 0.21180555555555555 0.0244140625 0.0798611111111111
4 0.66748046875 0.859375 0.0771484375 0.2777777777777778