6 0.40970703124999996 0.3058194444444444 0.00871484375 0.018694444444444444
6 0.4310390625 0.34962499999999996 0.01171875 0.024041666666666666
3 0.4127109375 0.3696597222222222 0.0123203125 0.006409722222222223
3 0.43370312499999997 0.4170555555555555 0.009332031250000001 0.005402777777777778
3 0.38585156249999997 0.24536805555555555 0.0078125 0.0030833333333333338
3 0.474390625 0.27411111111111114 0.013453125 0.008104166666666666
3 0.5724843749999999 0.36689583333333337 0.016492187499999998 0.0077152777777777775
8 0.3879140625 0.20698611111111112 0.00542578125 0.0111875
3 0.27745312499999997 0.28318055555555555 0.014972656249999999 0.0077152777777777775
3 0.35731250000000003 0.4969166666666666 0.02582421875 0.014659722222222222
10 0.33778125000000003 0.4106875 0.014105468749999999 0.03125
9 0.059429687499999995 0.6205347222222223 0.03292578125 0.046625
9 0.103515625 0.6259930555555555 0.0223203125 0.050597222222222224
3 0.04324609375 0.7628958333333333 0.0234375 0.018847222222222224
5 0.0849609375 0.6701388888888888 0.169921875 0.2708333333333333
5 0.35107421875 0.4427083333333333 0.0830078125 0.16319444444444445
5 0.279296875 0.2465277777777778 0.05859375 0.1076388888888889
5 0.4697265625 0.2543402777777778 0.0546875 0.08506944444444445
5 0.55224609375 0.3203125 0.0947265625 0.11979166666666667
5 0.6611328125 0.4045138888888889 0.119140625 0.13541666666666666
5 0.65087890625 0.3220486111111111 0.0849609375 0.07118055555555555
4 0.4326171875 0.4045138888888889 0.03515625 0.1423611111111111
4 0.40966796875 0.3446180555555556 0.0341796875 0.11979166666666667
4 0.38671875 0.2361111111111111 0.01953125 0.0763888888888889