6 0.29948046875 0.6203680555555556 0.03385546875 0.05092361111111111
8 0.32096484375 0.8171319444444445 0.03255078125 0.05555555555555555
8 0.345703125 0.8136597222222223 0.02994921875 0.057868055555555555
6 0.52213671875 0.5462986111111111 0.02604296875 0.04629861111111111
8 0.50651171875 0.5335625 0.02604296875 0.04861111111111111
4 0.31510546875 0.7256944444444444 0.1015625 0.2662013888888889
4 0.517578125 0.6180555555555556 0.06380078125000001 0.23147916666666665
4 0.35091015625 0.8958333333333334 0.17317578125 0.20833333333333334
4 0.35416796875 0.2905069444444444 0.02604296875 0.11342361111111111
4 0.41926953125 0.2847222222222222 0.03645703125 0.10185416666666666
5 0.25846484375 0.2719930555555556 0.05859375 0.11342361111111111
5 0.54622265625 0.3229166666666667 0.09244921874999999 0.13657638888888887
5 0.66276171875 0.39699305555555553 0.11458203125 0.1412013888888889
5 0.47330859375 0.2569444444444444 0.06119921874999999 0.09722222222222222