8 0.34830859375 0.9629652777777779 0.04296875 0.07406944444444444
10 0.32096484375 0.7986111111111112 0.04296875 0.09259027777777779
6 0.53645703125 0.6469930555555555 0.03645703125 0.07175694444444444
6 0.41796875 0.5162013888888889 0.03645703125 0.05092361111111111
6 0.28450390625 0.42824305555555553 0.02473828125 0.05555555555555555
6 0.39973828125 0.3402777777777778 0.0234375 0.05092361111111111
5 0.35807421875 0.8379652777777779 0.19010546875 0.3240763888888889
5 0.552734375 0.3125 0.08984375 0.13425694444444444
5 0.470703125 0.24536805555555555 0.05338671874999999 0.08796527777777778
5 0.33984375 0.1932847222222222 0.04426953125 0.08102083333333333
4 0.27994921875 0.4826388888888889 0.05208203125000001 0.17824305555555556
4 0.41666796875 0.5972222222222222 0.05208203125000001 0.1990763888888889
4 0.53190234375 0.7349513888888889 0.05598828125000001 0.2523125
5 0.65559765625 0.3900486111111111 0.10807421875 0.1412013888888889
4 0.72200390625 0.5046319444444444 0.08463671874999999 0.1388888888888889
6 0.73474609375 0.4646736111111111 0.022640625 0.04025
8 0.6997578125 0.4573611111111111 0.0185234375 0.04390972222222222
2 0.71725 0.4582708333333333 0.01440625 0.031097222222222224
4 0.4136796875 0.29636805555555557 0.026753906249999997 0.08415277777777778