3 0.271484375 0.5493819444444444 0.029078125 0.013888888888888888
3 0.55121484375 0.6199861111111111 0.030382812500000002 0.014659722222222222
3 0.6970468750000001 0.5100277777777779 0.01996484375 0.012347222222222223
3 0.31922656250000003 0.2939791666666667 0.013453125 0.0077152777777777775
3 0.3509609375 0.4759583333333333 0.01081640625 0.006409722222222223
6 0.3482578125 0.4041111111111111 0.012621093750000001 0.029381944444444447
8 0.42533203124999996 0.3191805555555556 0.00811328125 0.017638888888888888
3 0.48121875000000003 0.9393680555555556 0.0447734375 0.0165625
10 0.43284374999999997 0.7609513888888889 0.0369609375 0.07531944444444444
11 0.42728515624999996 0.7641527777777779 0.0216328125 0.03899305555555555
3 0.69951953125 0.4399027777777778 0.0174296875 0.009083333333333334
3 0.571515625 0.3667222222222222 0.02043359375 0.008013888888888888
6 0.40339453125 0.23931944444444445 0.0069101562500000005 0.014958333333333332
3 0.40234375 0.27831249999999996 0.006609375000000001 0.007479166666666666
10 0.2513515625 0.4559305555555555 0.02373828125 0.04113194444444444
4 0.34912109375 0.4609375 0.0419921875 0.16145833333333334
4 0.40185546875 0.2708333333333333 0.0302734375 0.09375
5 0.2724609375 0.3619791666666667 0.080078125 0.1267361111111111
5 0.318359375 0.2682291666666667 0.05859375 0.0920138888888889
5 0.27001953125 0.4930555555555556 0.1044921875 0.1701388888888889
5 0.55224609375 0.3220486111111111 0.0966796875 0.1267361111111111
5 0.6513671875 0.4670138888888889 0.146484375 0.16666666666666666
5 0.4560546875 0.8289930555555556 0.181640625 0.3211805555555556
5 0.52734375 0.5520833333333334 0.126953125 0.1909722222222222
5 0.4375 0.6024305555555556 0.1484375 0.21875
5 0.42919921875 0.4340277777777778 0.0966796875 0.13541666666666666