8 0.056640625 0.9351875000000001 0.04296875 0.08796527777777778
8 0.359375 0.9074097222222223 0.03645703125 0.06944444444444445
8 0.88671875 0.7685208333333334 0.03125 0.0601875
10 0.27994921875 0.7546319444444445 0.04426953125 0.08796527777777778
11 0.27864453125 0.7581041666666667 0.03385546875 0.0625
9 0.33268359375 0.7650486111111111 0.03515625 0.06713194444444445
5 0.31119921875 0.8148124999999999 0.17448046875 0.3148125
5 0.34440234375 0.6006944444444444 0.13151171875 0.2384236111111111
5 0.44661328125 0.5057847222222223 0.1328125 0.18286805555555555
5 0.38737109375 0.36689583333333337 0.08463671874999999 0.14583333333333334
5 0.66145703125 0.40046527777777774 0.11979296875 0.1388888888888889
5 0.552734375 0.3206041666666667 0.09505078125000001 0.13657638888888887
4 0.22330859374999998 0.3321736111111111 0.03515625 0.12268749999999999
4 0.26692578125 0.2766180555555555 0.02604296875 0.09027777777777778
4 0.86653515625 0.8483819444444445 0.14453125 0.2245347222222222
4 0.45703125 0.3182847222222222 0.03385546875 0.11342361111111111