6 0.90127734375 0.9185625000000001 0.029828125 0.05302777777777778
10 0.591265625 0.7310625000000001 0.032671875 0.06439583333333333
11 0.58433984375 0.7351666666666667 0.014558593750000001 0.035986111111111115
3 0.46928125 0.6360486111111111 0.030894531250000003 0.01578472222222222
6 0.306640625 0.47632638888888884 0.015980468749999997 0.0309375
3 0.30628515625 0.5577638888888888 0.018109375 0.006944444444444444
6 0.17613671875 0.8914166666666667 0.030539062500000002 0.05429166666666667
3 0.24378515625000002 0.7777777777777778 0.03515625 0.013888888888888888
10 0.20330078125 0.643625 0.035867187499999995 0.058715277777777776
11 0.1960234375 0.6426736111111111 0.019175781250000003 0.0315625
3 0.5283789062500001 0.4334166666666667 0.012636718750000001 0.004902777777777778
6 0.521484375 0.37745138888888885 0.0112578125 0.02042361111111111
8 0.463578125 0.28839583333333335 0.0066640625 0.014708333333333334
3 0.39430078125 0.3680555555555556 0.00965234375 0.005722222222222222
8 0.40165625 0.31495138888888885 0.00689453125 0.014708333333333334
5 0.22412109375 0.6875 0.1455078125 0.2673611111111111
5 0.27685546875 0.2890625 0.0595703125 0.09895833333333333
5 0.4501953125 0.5503472222222222 0.142578125 0.2534722222222222
5 0.45068359375 0.8342013888888888 0.1806640625 0.3315972222222222
5 0.6171875 0.7829861111111112 0.212890625 0.3333333333333333
5 0.5517578125 0.3246527777777778 0.09765625 0.1284722222222222
5 0.66162109375 0.4027777777777778 0.1220703125 0.1388888888888889
4 0.3076171875 0.5555555555555556 0.048828125 0.2048611111111111
4 0.20068359375 0.9270833333333334 0.1044921875 0.14583333333333334
4 0.52392578125 0.4314236111111111 0.0380859375 0.14756944444444445
4 0.400390625 0.3359375 0.037109375 0.08159722222222222
4 0.46142578125 0.3255208333333333 0.0322265625 0.10590277777777778
4 0.36962890625 0.24739583333333334 0.0224609375 0.0954861111111111