3 0.64738671875 0.6175208333333333 0.026140625 0.011750000000000002
3 0.6993671875 0.44017361111111114 0.018328125 0.007479166666666666
3 0.5724140625 0.36725694444444446 0.01802734375 0.010152777777777778
3 0.311296875 0.4893194444444445 0.024640625 0.011750000000000002
10 0.29011328125 0.40704861111111107 0.02193359375 0.041666666666666664
11 0.28590625 0.41052083333333333 0.00811328125 0.020833333333333332
6 0.33203125 0.19791666666666666 0.0072109375 0.015493055555555555
4 0.33203125 0.2309027777777778 0.0234375 0.09722222222222222
4 0.37939453125 0.22135416666666666 0.0224609375 0.08506944444444445
4 0.53759765625 0.9114583333333334 0.1650390625 0.17708333333333334
5 0.3056640625 0.4401041666666667 0.095703125 0.1892361111111111
5 0.6162109375 0.5529513888888888 0.150390625 0.19270833333333334
5 0.55322265625 0.3246527777777778 0.0947265625 0.12152777777777778
5 0.66064453125 0.4001736111111111 0.1201171875 0.1371527777777778