6 0.017578125 0.5648125 0.02734375 0.05092361111111111
8 0.041015625 0.5578680555555556 0.02213671875 0.041666666666666664
6 0.67252734375 0.5682847222222223 0.02734375 0.05324305555555556
6 0.43359375 0.3993055555555556 0.02604296875 0.04861111111111111
3 0.39713671875 0.6064791666666667 0.03645703125 0.03240972222222222
5 0.37630078125 0.5416666666666666 0.12760546875 0.2361111111111111
5 0.54948046875 0.3240763888888889 0.08854296874999999 0.12963194444444442
5 0.65885546875 0.39699305555555553 0.11198046875 0.1273125
5 0.47395703125 0.24536805555555555 0.0546875 0.09259027777777779
4 0.67708203125 0.6435208333333333 0.07551953125000001 0.2268541666666667
4 0.43424609375 0.4548611111111111 0.03776171875 0.15046527777777777
4 0.28450390625 0.2986111111111111 0.03515625 0.12036805555555556
4 0.03190234375 0.6620347222222223 0.06380078125000001 0.2685208333333333