8 0.71940234375 0.6793958333333333 0.03776171875 0.0763888888888889
8 0.478515625 0.3796319444444444 0.02213671875 0.03703472222222222
8 0.470703125 0.37268749999999995 0.01953125 0.03703472222222222
8 0.41276171875 0.2534722222222222 0.02083203125 0.03009027777777778
6 0.38216015625 0.8425902777777777 0.18619921875 0.3148125
6 0.5078125 0.5462986111111111 0.1484375 0.24074305555555556
5 0.28059765625 0.3483819444444445 0.07682421874999999 0.13657638888888887
5 0.33528515625 0.2928263888888889 0.06119921874999999 0.10416666666666667
5 0.6640625 0.39814583333333337 0.12239453125 0.1527777777777778
5 0.55208203125 0.3125 0.09114453125000001 0.11574305555555554
4 0.720703125 0.7800902777777777 0.08723828125000001 0.2592569444444444
4 0.47395703125 0.3923611111111111 0.04166796875 0.08102083333333333
4 0.41341015625 0.2835625 0.03255078125 0.11805555555555555
4 0.45833203125 0.2870347222222222 0.02864453125 0.08796527777777778