6 0.92057421875 0.90625 0.04166796875 0.07175694444444444
10 0.46484375 0.7719930555555556 0.046875 0.08564583333333334
10 0.41862109375 0.7766180555555555 0.04296875 0.09953472222222223
9 0.12044140625 0.7106458333333333 0.04296875 0.08796527777777778
6 0.74283984375 0.6643541666666667 0.02734375 0.05555555555555555
2 0.765625 0.6111111111111112 0.02864453125 0.0601875
6 0.67252734375 0.5266180555555556 0.03515625 0.0625
6 0.57551953125 0.47800694444444447 0.02864453125 0.05324305555555556
6 0.47005078125 0.40625 0.02864453125 0.05324305555555556
6 0.388671875 0.2719930555555556 0.02734375 0.03935416666666667
9 0.140625 0.5150486111111111 0.03645703125 0.07175694444444444
2 0.47916796875 0.9421319444444445 0.03125 0.05555555555555555
6 0.48762890625 0.9733819444444445 0.04296875 0.05323611111111111
3 0.11067578125 0.8888888888888888 0.0546875 0.03703472222222222
3 0.70051953125 0.9317152777777779 0.04948046875 0.03935416666666667
4 0.92122265625 0.9340277777777778 0.09244921874999999 0.13194444444444445
4 0.74609375 0.7453680555555555 0.0625 0.25
4 0.77408984375 0.6956041666666667 0.06380078125000001 0.2245347222222222
4 0.673828125 0.5810208333333333 0.05078125 0.1851875
4 0.57551953125 0.5428263888888889 0.05208203125000001 0.18286805555555555
4 0.47395703125 0.45717361111111116 0.04166796875 0.15509027777777779
4 0.38541796875 0.3125 0.0390625 0.12963194444444442
5 0.65104296875 0.7997708333333334 0.20573046874999998 0.3263888888888889
5 0.4453125 0.8136597222222223 0.1796875 0.3356458333333333
5 0.15950390625 0.5532430555555555 0.13151171875 0.2222222222222222
5 0.14583203125 0.7777777777777778 0.1953125 0.3287013888888889
5 0.65950390625 0.4074097222222222 0.11588671875 0.1388888888888889
5 0.55143359375 0.3217569444444444 0.08723828125000001 0.13425694444444444
5 0.47005078125 0.2523125 0.046875 0.08796527777777778
5 0.654296875 0.3263888888888889 0.09765625 0.09722222222222222