3 0.572796875 0.3667916666666666 0.01775390625 0.010104166666666668
3 0.3053984375 0.3645833333333333 0.019175781250000003 0.009472222222222222
3 0.439984375 0.8617430555555556 0.024859375 0.008840277777777778
8 0.43288281250000005 0.7121180555555556 0.0163359375 0.036618055555555556
8 0.41796875 0.6919166666666666 0.0149140625 0.03282638888888889
6 0.16566015625 0.5006319444444445 0.0188203125 0.03282638888888889
3 0.15571875 0.6000625 0.0188203125 0.009472222222222222
8 0.4736328125 0.2676527777777778 0.00618359375 0.012152777777777778
8 0.45223046875 0.2604166666666667 0.007976562500000001 0.013312500000000001
3 0.45849609375 0.30946527777777777 0.009113281249999999 0.0031805555555555554
3 0.47786328125 0.30280555555555555 0.0068359375 0.0037638888888888887
4 0.1708984375 0.5824652777777778 0.0625 0.21354166666666666
4 0.42822265625 0.8229166666666666 0.0732421875 0.3194444444444444
5 0.3046875 0.3359375 0.07421875 0.11979166666666667
5 0.37158203125 0.2048611111111111 0.0537109375 0.0763888888888889
5 0.55419921875 0.3203125 0.0927734375 0.1267361111111111
5 0.66015625 0.4053819444444444 0.12109375 0.1371527777777778
5 0.82177734375 0.9114583333333334 0.2802734375 0.17708333333333334
4 0.68896484375 0.4375 0.0712890625 0.1597222222222222