8 0.70078125 0.8189791666666666 0.025 0.04814583333333333
3 0.71809765625 0.9456041666666667 0.02213671875 0.01157638888888889
3 0.698828125 0.4391180555555556 0.01796875 0.009722222222222222
3 0.57213671875 0.36666666666666664 0.01823046875 0.008333333333333333
3 0.49114453124999996 0.3638888888888889 0.017707031249999998 0.009256944444444444
8 0.39752734375 0.33402777777777776 0.00807421875 0.015277777777777777
3 0.40065234375000003 0.38310416666666663 0.01119921875 0.005090277777777778
3 0.27942578125 0.29004861111111113 0.015625 0.008798611111111111
5 0.2822265625 0.2673611111111111 0.05859375 0.09375
5 0.47802734375 0.3350694444444444 0.0810546875 0.125
5 0.55517578125 0.3211805555555556 0.0869140625 0.1284722222222222
5 0.65966796875 0.4027777777777778 0.1181640625 0.13194444444444445
4 0.40185546875 0.3845486111111111 0.0380859375 0.13020833333333334
4 0.6953125 0.8940972222222222 0.091796875 0.21180555555555555