3 0.5476875 0.4453125 0.01985546875 0.008680555555555556
3 0.5947265625 0.6493055555555556 0.02799609375 0.012729166666666665
3 0.63118359375 0.4184027777777778 0.02018359375 0.010416666666666666
6 0.39225390625 0.3142361111111111 0.011066406249999999 0.024305555555555556
3 0.39482421875 0.3723958333333333 0.0095703125 0.0038194444444444443
3 0.27978515625 0.4708333333333333 0.0255859375 0.011111111111111112
10 0.26484375 0.39479166666666665 0.0265625 0.03125
3 0.1982421875 0.33524305555555556 0.01875 0.008680555555555556
5 0.55712890625 0.578125 0.1669921875 0.2326388888888889
5 0.27880859375 0.4253472222222222 0.0966796875 0.15625
5 0.30419921875 0.3133680555555556 0.0712890625 0.10243055555555555
5 0.50830078125 0.3975694444444444 0.1259765625 0.1388888888888889
5 0.2041015625 0.3038194444444444 0.080078125 0.13194444444444445
5 0.30419921875 0.3246527777777778 0.0654296875 0.1111111111111111
5 0.5068359375 0.3932291666666667 0.126953125 0.1371527777777778
5 0.5556640625 0.5772569444444444 0.166015625 0.22743055555555555
5 0.54736328125 0.3211805555555556 0.0810546875 0.1284722222222222
5 0.61669921875 0.3862847222222222 0.0849609375 0.11979166666666667