6 0.47916796875 0.5150486111111111 0.03125 0.057868055555555555
10 0.451171875 0.8310208333333334 0.04296875 0.10647916666666668
9 0.67643359375 0.6203680555555556 0.04036328125 0.06944444444444445
5 0.478515625 0.8530069444444444 0.18359375 0.2939791666666667
5 0.42643359375 0.6817152777777777 0.13671875 0.2337986111111111
5 0.39778515625 0.3449097222222222 0.07682421874999999 0.13425694444444444
5 0.310546875 0.2858819444444445 0.06901171874999999 0.13194444444444445
5 0.55143359375 0.3182847222222222 0.08723828125000001 0.11342361111111111
5 0.46744921875 0.2523125 0.05208203125000001 0.08333333333333333
5 0.625 0.4340277777777778 0.15885546875 0.1412013888888889
5 0.65625 0.6458333333333334 0.21614453125000002 0.21759027777777776
5 0.677734375 0.7986111111111112 0.13932421875 0.2222222222222222
4 0.48046875 0.5682847222222223 0.0546875 0.1736111111111111