3 0.57238671875 0.3671875 0.018312500000000002 0.008680555555555556
3 0.6994609374999999 0.43815277777777784 0.01806640625 0.009118055555555556
3 0.2673359375 0.8315972222222222 0.03857421875 0.018229166666666668
10 0.23962500000000003 0.6618888888888889 0.021242187500000002 0.04774305555555555
9 0.28723046874999997 0.6729583333333333 0.028078125 0.056861111111111105
5 0.55078125 0.3263888888888889 0.09375 0.13194444444444445
5 0.46817578125 0.2530625 0.055374999999999994 0.08292361111111111
5 0.6609609375 0.40175694444444443 0.115578125 0.13847916666666665
4 0.3563046875 0.609625 0.053011718750000006 0.18551388888888887
5 0.263671875 0.7074652777777778 0.125 0.265625
5 0.6083984375 0.7222222222222222 0.16015625 0.2569444444444444