9 0.69921875 0.7708333333333334 0.04426953125 0.09259027777777779
9 0.453125 0.7060208333333333 0.04166796875 0.09259027777777779
9 0.39387890625 0.6967569444444445 0.03776171875 0.07870138888888889
10 0.15625 0.5567152777777777 0.03385546875 0.07175694444444444
3 0.171875 0.6736111111111112 0.046875 0.027777777777777776
6 0.14453125 0.3333333333333333 0.0234375 0.03703472222222222
3 0.30533984375 0.5763888888888888 0.03776171875 0.02314583333333333
3 0.45637890625 0.8703680555555555 0.05078125 0.02314583333333333
3 0.79817578125 0.9722222222222222 0.05208203125000001 0.02314583333333333
6 0.49088671875 0.4189791666666667 0.0234375 0.027777777777777776
6 0.66926953125 0.5277777777777778 0.02604296875 0.03703472222222222
4 0.49348828125 0.4756944444444444 0.046875 0.16897916666666668
4 0.673828125 0.5590277777777778 0.05078125 0.11805555555555555
4 0.38020703125 0.22569444444444445 0.02604296875 0.09490972222222221
5 0.17903515625 0.4328680555555556 0.10286328125 0.16666666666666666
5 0.17317578125 0.6064791666666667 0.12239453125 0.2268541666666667
5 0.298828125 0.5138888888888888 0.10026171875 0.1851875
5 0.466796875 0.5833333333333334 0.11848828125 0.19444444444444445
5 0.42448046875 0.7407430555555556 0.19791796875 0.3518541666666667
5 0.724609375 0.7962986111111111 0.26432421875 0.38425694444444447
5 0.55078125 0.3298611111111111 0.08854296874999999 0.1273125
5 0.64973828125 0.3333333333333333 0.078125 0.12036805555555556
5 0.46875 0.2546319444444445 0.04948046875 0.08796527777777778