6 0.42578125 0.3819444444444444 0.014203125 0.029041666666666667
6 0.37535546875 0.5277777777777778 0.0163359375 0.030305555555555554
6 0.5506054687499999 0.5978541666666667 0.01740234375 0.03788194444444444
8 0.47709375 0.3544791666666667 0.00816796875 0.018305555555555554
8 0.3444609375 0.41540277777777773 0.009234375 0.02020138888888889
9 0.37783984375 0.6584583333333333 0.03551171875 0.07070833333333333
3 0.556640625 0.7064374999999999 0.015980468749999997 0.007576388888888889
3 0.42791015625 0.8301736111111111 0.04190234375 0.0189375
3 0.34801171875 0.4861111111111111 0.0163359375 0.0050486111111111105
6 0.6803984375 0.6824513888888889 0.02059765625 0.03788194444444444
3 0.6974414062500001 0.7869305555555556 0.022015625 0.011993055555555555
3 0.43146484375 0.4618055555555556 0.013496093749999999 0.006944444444444444
3 0.48214453125 0.41988888888888887 0.005582031249999999 0.0074375000000000005
3 0.226421875 0.37202083333333336 0.01925390625 0.008930555555555554
3 0.3172421875 0.24404861111111112 0.01339453125 0.006944444444444444
3 0.35881640625 0.3055555555555556 0.01730078125 0.00992361111111111
6 0.38049218749999997 0.20009027777777777 0.006105468750000001 0.013888888888888888
6 0.24937890624999998 0.5099444444444445 0.01651171875 0.035034722222222224
3 0.244671875 0.5935902777777777 0.013847656250000001 0.011680555555555555
5 0.23095703125 0.3246527777777778 0.0712890625 0.14930555555555555
5 0.318359375 0.22569444444444445 0.05078125 0.07291666666666667
5 0.3583984375 0.2777777777777778 0.0546875 0.10416666666666667
5 0.38232421875 0.19791666666666666 0.0341796875 0.0625
5 0.291015625 0.1467013888888889 0.046875 0.050347222222222224
5 0.45556640625 0.20225694444444445 0.0458984375 0.06770833333333333
5 0.474609375 0.2526041666666667 0.046875 0.08159722222222222
5 0.55224609375 0.3255208333333333 0.0947265625 0.13020833333333334
5 0.650390625 0.3194444444444444 0.0859375 0.06597222222222222
5 0.66162109375 0.4001736111111111 0.1162109375 0.14756944444444445
5 0.4013671875 0.7144097222222222 0.18359375 0.3003472222222222
5 0.42919921875 0.9618055555555556 0.3798828125 0.0763888888888889
4 0.2470703125 0.5894097222222222 0.0546875 0.203125
4 0.34521484375 0.4774305555555556 0.0458984375 0.1527777777777778
4 0.42822265625 0.4392361111111111 0.0341796875 0.1527777777777778
4 0.48095703125 0.4097222222222222 0.0361328125 0.14930555555555555
4 0.5498046875 0.6848958333333334 0.060546875 0.24131944444444445
4 0.68310546875 0.7899305555555556 0.0751953125 0.2534722222222222
4 0.37890625 0.22135416666666666 0.025390625 0.07118055555555555