3 0.33275 0.2691875 0.0150078125 0.009868055555555557
3 0.2578125 0.3181666666666667 0.009046875 0.004020833333333334
8 0.26069140625 0.2704652777777778 0.009457031250000001 0.013159722222222222
3 0.57247265625 0.36677777777777776 0.0174765625 0.009868055555555557
3 0.6991171875 0.4387777777777778 0.018296875 0.010597222222222221
4 0.2587890625 0.3081597222222222 0.02734375 0.10590277777777778
5 0.73388671875 0.8854166666666666 0.2626953125 0.22916666666666666
5 0.54443359375 0.9253472222222222 0.2431640625 0.14930555555555555
5 0.552734375 0.3211805555555556 0.09765625 0.1284722222222222
5 0.6611328125 0.4019097222222222 0.12109375 0.1371527777777778
5 0.333984375 0.2421875 0.0625 0.109375