6 0.490234375 0.501263888888889 0.013847656250000001 0.030305555555555554
6 0.466796875 0.40593749999999995 0.013140625 0.025249999999999998
3 0.49840234375000003 0.5785972222222222 0.015980468749999997 0.008208333333333333
3 0.471234375 0.47790277777777773 0.013496093749999999 0.007576388888888889
6 0.5241484375 0.8254444444444445 0.030539062500000002 0.049874999999999996
8 0.48011328124999997 0.8226041666666666 0.01775390625 0.03788194444444444
8 0.49307421875 0.8570069444444444 0.015269531250000001 0.03725
3 0.40749218750000005 0.3380694444444444 0.01669140625 0.006944444444444444
3 0.283546875 0.22875694444444447 0.012867187499999998 0.007354166666666667
4 0.49365234375 0.5772569444444444 0.0478515625 0.19618055555555555
4 0.5166015625 0.8949652777777778 0.203125 0.21006944444444445
4 0.46337890625 0.46875 0.0439453125 0.1527777777777778
5 0.66064453125 0.4045138888888889 0.1162109375 0.14583333333333334
5 0.6513671875 0.3203125 0.08203125 0.07118055555555555
5 0.5517578125 0.3211805555555556 0.08984375 0.1284722222222222
5 0.39306640625 0.2960069444444444 0.0869140625 0.1232638888888889
5 0.46826171875 0.2526041666666667 0.0537109375 0.08854166666666667
5 0.2890625 0.2126736111111111 0.046875 0.07465277777777778
5 0.41015625 0.1527777777777778 0.037109375 0.05555555555555555
5 0.74755859375 0.9644097222222222 0.1865234375 0.07118055555555555