6 0.67421875 0.6802083333333333 0.02109375 0.04097222222222222
3 0.691796875 0.7913194444444445 0.01796875 0.009027777777777777
6 0.8078125 0.7986111111111112 0.02265625 0.04861111111111111
3 0.8263671875 0.9017361111111111 0.025390625 0.010416666666666666
6 0.32291796875 0.32132638888888887 0.009113281249999999 0.019965277777777776
6 0.361734375 0.2476875 0.00830078125 0.0179375
3 0.361734375 0.29730555555555555 0.0056953125 0.0037638888888888887
3 0.571875 0.3662013888888889 0.01666796875 0.007409722222222222
3 0.69921875 0.4388888888888889 0.01666796875 0.008333333333333333
5 0.6142578125 0.8567708333333334 0.234375 0.2864583333333333
5 0.66259765625 0.4019097222222222 0.1181640625 0.1440972222222222
5 0.5537109375 0.3237847222222222 0.095703125 0.1267361111111111
5 0.46923828125 0.2526041666666667 0.0556640625 0.08854166666666667
4 0.36083984375 0.2890625 0.0283203125 0.11284722222222222
4 0.32421875 0.375 0.037109375 0.1388888888888889
4 0.67724609375 0.7638888888888888 0.0634765625 0.22916666666666666
4 0.810546875 0.8862847222222222 0.099609375 0.22743055555555555