3 0.42410546875 0.5148819444444445 0.015625 0.0079375
3 0.37639453125 0.44122222222222224 0.0128359375 0.0064513888888888885
3 0.4462890625 0.43179861111111106 0.01199609375 0.0064513888888888885
3 0.35519140625 0.3568958333333333 0.01116015625 0.004465277777777777
6 0.35295703125 0.29662499999999997 0.0089296875 0.015875
8 0.42941015625 0.29464583333333333 0.00725390625 0.014881944444444444
8 0.42048046875 0.4322916666666667 0.01004296875 0.022319444444444444
8 0.33635546875 0.20386805555555554 0.00530078125 0.011902777777777778
6 0.371234375 0.3690486111111111 0.01199609375 0.0238125
6 0.44210546875 0.36433333333333334 0.01199609375 0.024305555555555556
3 0.3330078125 0.23511805555555554 0.00808984375 0.003472222222222222
5 0.47021484375 0.24913194444444445 0.0556640625 0.0920138888888889
5 0.552734375 0.3211805555555556 0.09765625 0.125
5 0.65966796875 0.3993055555555556 0.1181640625 0.14930555555555555
4 0.421875 0.5017361111111112 0.04296875 0.16666666666666666
4 0.3720703125 0.4262152777777778 0.0390625 0.1579861111111111
4 0.44580078125 0.4175347222222222 0.0380859375 0.140625
4 0.3544921875 0.3333333333333333 0.03515625 0.1111111111111111
4 0.43017578125 0.3263888888888889 0.0341796875 0.09722222222222222
4 0.333984375 0.234375 0.0234375 0.08680555555555555