6 0.75 0.8020833333333334 0.03645703125 0.0625
10 0.322265625 0.7326388888888888 0.04557421875 0.09490972222222221
11 0.32096484375 0.7384236111111111 0.03255078125 0.0648125
10 0.51041796875 0.6574097222222222 0.0390625 0.08333333333333333
10 0.14778515625 0.5509236111111111 0.03776171875 0.07407638888888889
6 0.32877734375 0.2905069444444444 0.02473828125 0.043979166666666666
4 0.74479296875 0.8796319444444445 0.09114453125000001 0.24074305555555556
4 0.33137890625 0.3252291666666667 0.03515625 0.1273125
4 0.36262890625 0.2615763888888889 0.02734375 0.09722222222222222
5 0.35026171875 0.7881944444444444 0.1640625 0.3356458333333333
5 0.52864453125 0.7083333333333334 0.17708203125 0.2916666666666667
5 0.17317578125 0.5868055555555556 0.14323046875 0.2847222222222222