10 0.3904765625 0.8648472222222223 0.03936328125 0.08226388888888889
11 0.3814609375 0.8677916666666666 0.0177265625 0.03686111111111111
10 0.60907421875 0.8360069444444443 0.030648437499999997 0.07265277777777777
3 0.7570625 0.8327986111111111 0.0357578125 0.016027777777777776
6 0.44501171875 0.6701388888888888 0.01862890625 0.043270833333333335
3 0.47581249999999997 0.6396875 0.03034765625 0.014423611111111111
3 0.30243359375 0.6813541666666667 0.020734375 0.018694444444444444
3 0.3123515625 0.4879791666666667 0.0213359375 0.010152777777777778
3 0.51066796875 0.4097222222222222 0.0111171875 0.005340277777777778
6 0.5096171875 0.34615277777777775 0.0096171875 0.02029861111111111
8 0.50225390625 0.34588888888888886 0.006308593749999999 0.017625
3 0.572265625 0.3669861111111111 0.018328125 0.008548611111111111
3 0.6974140625 0.5096180555555556 0.01923046875 0.011750000000000002
3 0.6990703125 0.44017361111111114 0.01712890625 0.006409722222222223
5 0.31689453125 0.4392361111111111 0.0966796875 0.1527777777777778
5 0.29833984375 0.5998263888888888 0.1279296875 0.234375
5 0.4638671875 0.5685763888888888 0.126953125 0.2170138888888889
5 0.41796875 0.875 0.244140625 0.25
5 0.6318359375 0.8576388888888888 0.2109375 0.2847222222222222
5 0.69775390625 0.7369791666666666 0.2060546875 0.2517361111111111
4 0.4443359375 0.7109375 0.072265625 0.16145833333333334
4 0.509765625 0.4001736111111111 0.03515625 0.140625
4 0.9619140625 0.8810763888888888 0.076171875 0.2378472222222222
5 0.6513671875 0.4678819444444444 0.140625 0.16493055555555555
5 0.552734375 0.3246527777777778 0.09375 0.11805555555555555