3 0.69921875 0.4383680555555556 0.017578125 0.0078125
3 0.5732421875 0.36697222222222226 0.01708984375 0.00825
3 0.38195703124999997 0.3854166666666667 0.020265625000000002 0.009548611111111112
3 0.236328125 0.48415972222222226 0.02197265625 0.010854166666666666
9 0.2236328125 0.4019097222222222 0.01904296875 0.03298611111111111
9 0.25353906249999997 0.40321527777777777 0.023683593750000002 0.034722222222222224
3 0.27307031249999997 0.3205277777777778 0.017824218750000002 0.007381944444444445
5 0.2734375 0.2899305555555556 0.05859375 0.1111111111111111
5 0.37744140625 0.3454861111111111 0.0849609375 0.15625
5 0.2392578125 0.4288194444444444 0.083984375 0.1423611111111111
5 0.5517578125 0.3203125 0.09765625 0.1232638888888889
5 0.66162109375 0.4027777777777778 0.1181640625 0.14583333333333334