8 0.03450390625 0.8703680555555555 0.03255078125 0.0601875
10 0.162109375 0.5370347222222223 0.03515625 0.08333333333333333
9 0.38411328125 0.5590277777777778 0.03385546875 0.07175694444444444
9 0.33658984375 0.5543958333333333 0.02734375 0.0625
3 0.37565234375 0.6898125 0.04036328125 0.03240972222222222
3 0.17578125 0.6539375 0.04166796875 0.034722222222222224
3 0.74934765625 0.9849513888888889 0.05078125 0.03009027777777778
6 0.61653515625 0.5497708333333333 0.02734375 0.04861111111111111
5 0.17838671875 0.5821736111111111 0.11979296875 0.2337986111111111
5 0.29036328125 0.4826388888888889 0.0859375 0.1875
5 0.431640625 0.5023125 0.09505078125000001 0.1712986111111111
5 0.36588671875 0.5972222222222222 0.140625 0.2546319444444445
5 0.67708203125 0.7928263888888889 0.27604296875 0.41435416666666663
5 0.509765625 0.4212986111111111 0.10026171875 0.2037013888888889
5 0.55729296875 0.3067152777777778 0.0859375 0.11805555555555555
5 0.65299609375 0.3391180555555555 0.08463671874999999 0.1087986111111111
5 0.26497265625 0.2546319444444445 0.05859375 0.09259027777777779
5 0.46809765625 0.2546319444444445 0.04817578125 0.08333333333333333
4 0.04426953125 0.9131944444444444 0.0859375 0.16435416666666666
4 0.61653515625 0.5625 0.04036328125 0.08796527777777778
4 0.33463671875 0.21875 0.0234375 0.08102083333333333