10 0.32356640625 0.8125 0.04036328125 0.10185416666666666
11 0.32487109375 0.8182847222222221 0.02473828125 0.07175694444444444
6 0.78190234375 0.6875 0.03515625 0.05555555555555555
6 0.61262890625 0.5324097222222222 0.03255078125 0.05555555555555555
4 0.50455859375 0.75 0.06119921874999999 0.2361111111111111
4 0.6171875 0.5972222222222222 0.0625 0.20833333333333334
4 0.34830859375 0.4027777777777778 0.04036328125 0.14352083333333332
4 0.42708203125 0.3553263888888889 0.0390625 0.12268749999999999
4 0.51823046875 0.3645833333333333 0.0390625 0.13657638888888887
5 0.35481640625 0.8506944444444444 0.19661328125 0.2986111111111111
5 0.46223828125 0.5752291666666667 0.15104296875 0.20602083333333335
5 0.76953125 0.8946736111111111 0.26041796875 0.2106458333333333
5 0.65169140625 0.3414375 0.08723828125000001 0.11805555555555555
5 0.25 0.2685208333333333 0.078125 0.1111111111111111
5 0.337890625 0.2071736111111111 0.05078125 0.09490972222222221
5 0.46940234375 0.2534722222222222 0.04817578125 0.08564583333333334
5 0.55403515625 0.3240763888888889 0.09505078125000001 0.12963194444444442