8 0.46875 0.4010416666666667 0.009765625 0.026041666666666668
8 0.36783984375 0.2202916666666667 0.005640625 0.01775
6 0.48776171875 0.47939583333333335 0.01614453125 0.03194444444444444
3 0.49817578124999995 0.5715277777777777 0.015625 0.007868055555555555
3 0.47161328124999996 0.4796319444444444 0.015625 0.006479166666666667
8 0.37317578125 0.18263888888888888 0.00520703125 0.01157638888888889
3 0.36706640625000003 0.2562916666666667 0.009035156249999999 0.005645833333333334
8 0.31282421875 0.18605555555555556 0.00520703125 0.013312500000000001
3 0.3103828125 0.21788194444444445 0.0048828125 0.006368055555555556
3 0.47614062500000004 0.2745902777777778 0.016890625 0.006381944444444444
5 0.46816796875 0.25497222222222227 0.05416015625 0.08690277777777777
5 0.55246875 0.3252638888888889 0.09142578125 0.125
3 0.57237109375 0.3662708333333333 0.017417968750000002 0.009944444444444445
3 0.69911328125 0.4388125 0.01837109375 0.009756944444444445
5 0.66068359375 0.4031388888888889 0.1161328125 0.13698611111111111
4 0.46863671875 0.4652777777777778 0.0402109375 0.1585
4 0.49034765625 0.5528263888888889 0.0473359375 0.1824513888888889
4 0.3109375 0.21388888888888888 0.0203125 0.08055555555555556
4 0.36640625 0.2534722222222222 0.025 0.08472222222222223
5 0.344140625 0.18680555555555556 0.04453125 0.05416666666666667
4 0.37265625 0.1986111111111111 0.0140625 0.04722222222222222
5 0.43203125 0.14166666666666666 0.0359375 0.044444444444444446