9 0.458984375 0.8912013888888889 0.04817578125 0.11574305555555554
6 0.95768359375 0.8356458333333333 0.04296875 0.08333333333333333
6 0.60416796875 0.5914375 0.03645703125 0.06713194444444445
8 0.54752734375 0.40856250000000005 0.02473828125 0.043979166666666666
5 0.76627734375 0.8877291666666666 0.23046875 0.2245347222222222
9 0.73762890625 0.9131944444444444 0.04817578125 0.12268749999999999
4 0.95573046875 0.8935208333333334 0.08854296874999999 0.2129652777777778
4 0.607421875 0.6736111111111112 0.07421875 0.2638888888888889
4 0.55403515625 0.4583333333333333 0.04817578125 0.1712986111111111
5 0.44921875 0.49768749999999995 0.1328125 0.1898125
5 0.37369921875 0.6168958333333333 0.12760546875 0.2476875
5 0.662109375 0.3993055555555556 0.12109375 0.14583333333333334
5 0.552734375 0.3182847222222222 0.09505078125000001 0.13194444444444445