3 0.63053515625 0.8700833333333334 0.041015625 0.0179375
3 0.46809765625 0.6550902777777778 0.02994921875 0.012729166666666665
10 0.57666015625 0.7100694444444444 0.03483203125 0.0601875
11 0.5662421875 0.7152777777777778 0.0126953125 0.025465277777777778
10 0.43587109375 0.5410902777777777 0.02734375 0.052083333333333336
10 0.47216796875 0.5462986111111111 0.02897265625 0.052083333333333336
11 0.4298515625 0.5457152777777778 0.013996093749999999 0.0289375
11 0.474609375 0.552375 0.014972656249999999 0.026041666666666668
8 0.635578125 0.5393541666666667 0.011394531250000001 0.0289375
3 0.65006640625 0.6478611111111111 0.014972656249999999 0.007520833333333333
9 0.2814140625 0.7138333333333334 0.0419921875 0.07696527777777777
3 0.2998046875 0.8845486111111112 0.04622265625 0.02372916666666667
3 0.37565234375 0.4933472222222222 0.025390625 0.012152777777777778
3 0.22883984375000002 0.5066527777777778 0.025390625 0.010993055555555556
3 0.35188671875 0.3321736111111111 0.014972656249999999 0.008104166666666666
10 0.35383984375 0.4140625 0.02213671875 0.026041666666666668
5 0.23291015625 0.4340277777777778 0.1064453125 0.20833333333333334
5 0.29833984375 0.7777777777777778 0.1611328125 0.3194444444444444
5 0.4521484375 0.5833333333333334 0.1328125 0.2222222222222222
5 0.5947265625 0.7604166666666666 0.193359375 0.2986111111111111
5 0.3662109375 0.4348958333333333 0.103515625 0.18229166666666666
5 0.3427734375 0.2994791666666667 0.068359375 0.0954861111111111
5 0.55224609375 0.3237847222222222 0.0947265625 0.11979166666666667
5 0.6611328125 0.4019097222222222 0.1171875 0.14756944444444445
4 0.5849609375 0.4435763888888889 0.056640625 0.1371527777777778
4 0.6357421875 0.5920138888888888 0.056640625 0.15625