6 0.62890625 0.8090277777777778 0.046875 0.0625
8 0.416015625 0.6597222222222222 0.04036328125 0.0601875
8 0.2890625 0.3923611111111111 0.02604296875 0.03935416666666667
6 0.533203125 0.41782638888888884 0.02994921875 0.043979166666666666
4 0.29362109375 0.4502291666666667 0.03776171875 0.1736111111111111
4 0.42448046875 0.7534722222222222 0.05989453125000001 0.2523125
4 0.63801953125 0.8877291666666666 0.15364453125 0.2245347222222222
4 0.53776171875 0.4791666666666667 0.05208203125000001 0.16666666666666666
4 0.36458203125 0.2789375 0.03125 0.09027777777777778
4 0.505859375 0.3715277777777778 0.03515625 0.11805555555555555
5 0.45442578125 0.5543958333333333 0.11458203125 0.19675694444444444
5 0.66080859375 0.4016180555555556 0.11588671875 0.14583333333333334
5 0.55143359375 0.3171319444444445 0.09244921874999999 0.13425694444444444
5 0.47005078125 0.2569444444444444 0.05208203125000001 0.09722222222222222