6 0.4986484375 0.5940138888888888 0.018328125 0.04059722222222222
3 0.51908203125 0.7147430555555556 0.01953125 0.006409722222222223
10 0.64017578125 0.9612708333333333 0.03936328125 0.07745833333333334
11 0.63371484375 0.9834375000000001 0.0162265625 0.03311805555555555
6 0.7591640625 0.7665624999999999 0.0213359375 0.04914583333333333
3 0.78230078125 0.9113263888888888 0.025539062499999998 0.008548611111111111
3 0.861328125 0.8589722222222222 0.02313671875 0.008548611111111111
6 0.8392421875 0.7459930555555556 0.0216328125 0.04968055555555556
3 0.12274609375000001 0.5806597222222222 0.01953125 0.008548611111111111
6 0.126953125 0.48103472222222227 0.014722656249999999 0.03045138888888889
3 0.57256640625 0.36725694444444446 0.01592578125 0.010152777777777778
3 0.69921875 0.4388333333333333 0.0174296875 0.008013888888888888
4 0.49609375 0.6909722222222222 0.076171875 0.2569444444444444
4 0.771484375 0.8689236111111112 0.095703125 0.2621527777777778
4 0.8447265625 0.8559027777777778 0.08984375 0.2847222222222222
4 0.12451171875 0.5590277777777778 0.0576171875 0.2013888888888889
5 0.64208984375 0.8845486111111112 0.2587890625 0.2309027777777778
5 0.6630859375 0.4036458333333333 0.119140625 0.140625
5 0.5517578125 0.3220486111111111 0.095703125 0.1267361111111111