8 0.38245703125 0.3191319444444444 0.0085234375 0.018305555555555554
3 0.38338671875 0.37254861111111115 0.0112578125 0.004902777777777778
3 0.470015625 0.35538888888888887 0.00987890625 0.004902777777777778
3 0.57249609375 0.3664236111111111 0.01769140625 0.009805555555555555
8 0.4680625 0.3037152777777778 0.00597265625 0.01184722222222222
6 0.352828125 0.5745486111111111 0.0190703125 0.03717361111111111
3 0.35903125 0.6793333333333333 0.021828125 0.007354166666666667
8 0.392578125 0.7902361111111111 0.02044921875 0.04779166666666666
3 0.41486718749999996 0.9640555555555556 0.028261718749999998 0.009805555555555555
4 0.3564453125 0.6631944444444444 0.064453125 0.22569444444444445
4 0.3818359375 0.3689236111111111 0.033203125 0.1267361111111111
4 0.46826171875 0.34375 0.0322265625 0.1111111111111111
5 0.55224609375 0.3220486111111111 0.0966796875 0.11979166666666667
5 0.662109375 0.4019097222222222 0.115234375 0.1371527777777778
4 0.396484375 0.8854166666666666 0.1015625 0.22916666666666666