8 0.466109375 0.4168680555555555 0.0089609375 0.015930555555555555
3 0.47104687500000003 0.49550694444444443 0.013328125 0.005722222222222222
3 0.43968359375 0.43280555555555555 0.0222890625 0.007763888888888889
3 0.3667265625 0.4636458333333333 0.0238984375 0.0114375
10 0.314796875 0.5330902777777777 0.02665625 0.049833333333333334
11 0.30974218750000004 0.5337013888888889 0.012867187499999998 0.028999999999999998
10 0.5301015625 0.6527777777777778 0.025734374999999997 0.05310416666666667
11 0.5230937499999999 0.6566597222222222 0.01171875 0.025736111111111112
3 0.576859375 0.8098472222222223 0.04112890625 0.02001388888888889
3 0.33892578125 0.6476736111111111 0.0340078125 0.015111111111111112
8 0.169578125 0.8374166666666667 0.02159765625 0.048201388888888884
6 0.04549609375 0.8809236111111111 0.03216796875 0.05841666666666667
6 0.3408203125 0.19129861111111113 0.006105468750000001 0.011069444444444444
3 0.33849999999999997 0.22797222222222221 0.0075703125 0.0036875
3 0.6990000000000001 0.4392361111111111 0.017359375 0.005784722222222222
3 0.57258984375 0.36651388888888886 0.01627734375 0.009256944444444444
4 0.20263671875 0.9019097222222222 0.1220703125 0.19618055555555555
4 0.46630859375 0.4748263888888889 0.0419921875 0.1579861111111111
4 0.337890625 0.21614583333333334 0.01953125 0.08159722222222222
5 0.35400390625 0.4088541666666667 0.0986328125 0.1684027777777778
5 0.4287109375 0.3819444444444444 0.08203125 0.13541666666666666
5 0.55224609375 0.7092013888888888 0.1650390625 0.2829861111111111
5 0.33447265625 0.5746527777777778 0.1181640625 0.22569444444444445
5 0.552734375 0.3237847222222222 0.095703125 0.13020833333333334
5 0.6611328125 0.4019097222222222 0.12109375 0.1371527777777778