8 0.4599609375 0.5622083333333333 0.013671875 0.029513888888888888
6 0.373046875 0.3755763888888889 0.011066406249999999 0.025465277777777778
6 0.40885546875 0.30502083333333335 0.010417968750000001 0.018611111111111113
3 0.4103203125 0.36438888888888893 0.009441406250000001 0.006368055555555556
3 0.37385156249999996 0.45056944444444447 0.01378515625 0.008166666666666666
3 0.47311718750000004 0.6511458333333333 0.01884375 0.006534722222222222
6 0.5824921875 0.6703402777777777 0.02159765625 0.049833333333333334
3 0.59708203125 0.8114791666666666 0.02320703125 0.006944444444444444
10 0.50965234375 0.8549861111111111 0.052390625 0.07107638888888888
11 0.5112578125 0.8564166666666667 0.030332031250000002 0.05596527777777778
10 0.45416015625000006 0.8513055555555556 0.0379140625 0.0678125
11 0.44542578125 0.8562083333333333 0.01585546875 0.03104861111111111
8 0.33513281250000004 0.6205069444444444 0.014476562500000002 0.03676388888888889
3 0.32525390625 0.7506111111111112 0.021828125 0.007763888888888889
3 0.29503515625 0.3829652777777778 0.021140625 0.009395833333333332
3 0.67130078125 0.37030555555555555 0.0167734375 0.006944444444444444
3 0.57215234375 0.36683333333333334 0.017921875 0.008986111111111111
4 0.373046875 0.4348958333333333 0.041015625 0.1684027777777778
4 0.33154296875 0.7230902777777778 0.0576171875 0.2621527777777778
4 0.46240234375 0.6423611111111112 0.0634765625 0.20833333333333334
4 0.583984375 0.78125 0.078125 0.2881944444444444
4 0.41015625 0.3480902777777778 0.033203125 0.1267361111111111
5 0.2939453125 0.3489583333333333 0.08203125 0.13194444444444445
5 0.55224609375 0.3237847222222222 0.0947265625 0.1267361111111111
5 0.65087890625 0.34375 0.0888671875 0.12152777777777778
5 0.48193359375 0.8706597222222222 0.2080078125 0.2586805555555556