6 0.41705859375000004 0.2826388888888889 0.009113281249999999 0.018055555555555554
3 0.4197265625 0.3234375 0.00703125 0.006597222222222222
3 0.57216796875 0.3671875 0.0169921875 0.009375
3 0.4748046875 0.2743055555555556 0.01328125 0.007638888888888889
3 0.3642578125 0.2359375 0.00546875 0.005902777777777778
8 0.3654296875 0.20260416666666667 0.0046875 0.009375
3 0.30703125 0.22534722222222223 0.012109375 0.006944444444444444
6 0.36786328125 0.15611805555555555 0.00495703125 0.009881944444444445
3 0.3642578125 0.18482638888888886 0.0064609375 0.0032083333333333334
8 0.3748515625 0.37339583333333337 0.00811328125 0.020833333333333332
3 0.3783046875 0.45259027777777777 0.013523437499999999 0.004541666666666667
6 0.22541015625 0.21433333333333332 0.00728125 0.015152777777777777
3 0.2199921875 0.2586805555555556 0.0085234375 0.0041041666666666666
8 0.42350390625 0.6895277777777777 0.014972656249999999 0.03761805555555556
8 0.41145703125 0.6765069444444444 0.014972656249999999 0.03935416666666667
3 0.443359375 0.8342013888888888 0.02278515625 0.009840277777777778
8 0.4627265625 0.8833888888888889 0.01985546875 0.051506944444444445
3 0.6005859375 0.8715277777777778 0.03645703125 0.016201388888888887
10 0.5447578125 0.7120972222222223 0.02766796875 0.07002083333333334
11 0.537109375 0.7199097222222223 0.011066406249999999 0.027777777777777776
6 0.74251171875 0.6958888888888889 0.01953125 0.0445625
3 0.757203125 0.8257361111111111 0.021242187500000002 0.006513888888888889
4 0.22265625 0.25 0.0234375 0.08680555555555555
4 0.37548828125 0.4322916666666667 0.0302734375 0.15625
4 0.42431640625 0.7864583333333334 0.0712890625 0.2777777777777778
4 0.466796875 0.9270833333333334 0.1015625 0.14583333333333334
4 0.7421875 0.7986111111111112 0.080078125 0.2673611111111111
4 0.36474609375 0.23350694444444445 0.0224609375 0.07465277777777778
4 0.41650390625 0.3229166666666667 0.0302734375 0.11805555555555555
5 0.470703125 0.2534722222222222 0.0546875 0.08333333333333333
5 0.55322265625 0.3255208333333333 0.0966796875 0.1267361111111111
5 0.66162109375 0.3993055555555556 0.1201171875 0.1423611111111111
5 0.6533203125 0.3211805555555556 0.08203125 0.06597222222222222
5 0.31591796875 0.20833333333333334 0.0517578125 0.06597222222222222
5 0.56005859375 0.7508680555555556 0.1826171875 0.2934027777777778