8 0.6622890625 0.7279305555555555 0.02458203125 0.07068055555555555
3 0.45853124999999995 0.761263888888889 0.03633203125 0.026236111111111113
3 0.6887187499999999 0.8744791666666667 0.027960937499999998 0.025805555555555554
5 0.43310546875 0.6701388888888888 0.1455078125 0.2743055555555556
5 0.5810546875 0.5720486111111112 0.142578125 0.2065972222222222
5 0.27490234375 0.3506944444444444 0.0810546875 0.1423611111111111
5 0.65234375 0.4670138888888889 0.140625 0.1597222222222222
4 0.66064453125 0.8342013888888888 0.0888671875 0.3072916666666667
4 0.466796875 0.5251736111111112 0.046875 0.11631944444444445
4 0.517578125 0.4340277777777778 0.037109375 0.1388888888888889
4 0.4033203125 0.4175347222222222 0.03125 0.14756944444444445