8 0.42643359375 0.59375 0.03776171875 0.0625
8 0.72526171875 0.8287013888888889 0.03645703125 0.06944444444444445
6 0.41471484375 0.36689583333333337 0.02473828125 0.043979166666666666
4 0.72721484375 0.8888888888888888 0.08463671874999999 0.2222222222222222
4 0.43033984375 0.6793958333333333 0.06119921874999999 0.2384236111111111
4 0.41536328125 0.4108819444444444 0.03645703125 0.15046527777777777
4 0.35221484375 0.3541666666666667 0.03255078125 0.12036805555555556
5 0.28841015625 0.44907638888888884 0.09765625 0.18055555555555555
5 0.66276171875 0.40625 0.125 0.14583333333333334
5 0.552734375 0.3182847222222222 0.09505078125000001 0.1273125
5 0.47005078125 0.2523125 0.046875 0.08796527777777778
5 0.326171875 0.1898125 0.06119921874999999 0.07870138888888889