6 0.66015625 0.49595138888888884 0.014324218750000001 0.0335625
3 0.6740234375 0.5621527777777777 0.015234375 0.007638888888888889
6 0.38837109375 0.25 0.00751171875 0.014958333333333332
3 0.38897265625 0.29380555555555554 0.0099140625 0.004270833333333334
3 0.34700390625 0.6336805555555556 0.03255078125 0.017361111111111112
3 0.57275390625 0.36689583333333337 0.01725390625 0.009256944444444444
8 0.3791484375 0.8098958333333334 0.02099609375 0.04861111111111111
8 0.6750507812500001 0.8667569444444445 0.02294921875 0.044270833333333336
3 0.3955078125 0.9891527777777779 0.0263671875 0.011284722222222222
5 0.33740234375 0.5512152777777778 0.1357421875 0.24479166666666666
5 0.552734375 0.3220486111111111 0.095703125 0.13020833333333334
5 0.47021484375 0.25 0.0556640625 0.0798611111111111
5 0.66064453125 0.4010416666666667 0.1181640625 0.1423611111111111
5 0.650390625 0.3185763888888889 0.08203125 0.06770833333333333
4 0.3876953125 0.2855902777777778 0.025390625 0.0920138888888889
4 0.66162109375 0.5668402777777778 0.0634765625 0.1753472222222222
4 0.69775390625 0.9175347222222222 0.1962890625 0.16493055555555555