4 0.279296875 0.5347222222222222 0.046875 0.2013888888888889
4 0.349609375 0.4869791666666667 0.0390625 0.18229166666666666
4 0.3251953125 0.8880208333333334 0.193359375 0.22395833333333334
4 0.3115234375 0.3854166666666667 0.033203125 0.15625
4 0.396484375 0.3645833333333333 0.037109375 0.1423611111111111
6 0.3212890625 0.8116319444444444 0.03515625 0.07465277777777778
6 0.28016406250000003 0.4583333333333333 0.014324218750000001 0.03703472222222222
8 0.34895703125 0.41435416666666663 0.011285156250000001 0.029319444444444443
6 0.31098046875 0.3368055555555556 0.0125859375 0.034722222222222224
6 0.39800390625 0.3186736111111111 0.013890625 0.024694444444444446
6 0.37586718750000003 0.2835625 0.0078125 0.020833333333333332
3 0.32551953125 0.27623611111111107 0.016492187499999998 0.0077152777777777775