6 0.521484375 0.6481458333333333 0.03255078125 0.05555555555555555
6 0.486328125 0.42939583333333337 0.02213671875 0.034722222222222224
6 0.462890625 0.2870347222222222 0.01692578125 0.03240972222222222
6 0.33854296875 0.2465277777777778 0.015625 0.03009027777777778
4 0.521484375 0.7372708333333334 0.06901171874999999 0.2523125
4 0.48958203125 0.4849513888888889 0.03645703125 0.15509027777777779
4 0.45833203125 0.3229166666666667 0.03125 0.09490972222222221
4 0.3359375 0.2685208333333333 0.02083203125 0.08796527777777778
4 0.36979296875 0.21759027777777776 0.01823046875 0.0648125
4 0.48502734375 0.3125 0.02473828125 0.08796527777777778
5 0.2890625 0.2418958333333333 0.05989453125000001 0.09027777777777778