8 0.48273046875 0.3861458333333333 0.009867187500000001 0.01863888888888889
10 0.44808984374999994 0.4857430555555556 0.022 0.03874305555555556
3 0.48930859375 0.5999652777777779 0.02755078125 0.0120625
3 0.54296875 0.8651319444444444 0.025082031249999998 0.010965277777777777
6 0.52590625 0.7454305555555556 0.022203125 0.045687500000000006
8 0.56342578125 0.6736111111111112 0.012953125 0.03143055555555555
8 0.70877734375 0.6337708333333333 0.013363281250000001 0.03289583333333333
8 0.72306640625 0.663375 0.01192578125 0.03216666666666667
6 0.6282890625 0.6599027777777777 0.020148437499999998 0.0361875
6 0.5828554687499999 0.6854930555555556 0.0213828125 0.03691666666666667
3 0.60783203125 0.8114027777777778 0.0215859375 0.008770833333333334
3 0.64525 0.7909375000000001 0.01541796875 0.008041666666666667
3 0.74321484375 0.7925833333333333 0.022203125 0.009138888888888889
4 0.52197265625 0.8567708333333334 0.0849609375 0.2864583333333333
4 0.58349609375 0.8046875 0.0791015625 0.296875
4 0.63330078125 0.7725694444444444 0.0595703125 0.2743055555555556
4 0.72412109375 0.7586805555555556 0.0732421875 0.2743055555555556
5 0.4658203125 0.5260416666666666 0.140625 0.22569444444444445