6 0.5428046875 0.5280694444444444 0.01627734375 0.030673611111111113
3 0.5550937499999999 0.6323819444444444 0.0177421875 0.0055
6 0.5736484374999999 0.6529236111111112 0.02001953125 0.03154166666666667
3 0.5902499999999999 0.7651874999999999 0.02197265625 0.008972222222222222
3 0.32511328125 0.7009513888888889 0.02197265625 0.01359722222222222
3 0.350828125 0.3365138888888889 0.010578124999999999 0.004631944444444445
8 0.3497734375 0.2855902777777778 0.0078125 0.013312500000000001
5 0.3125 0.625 0.138671875 0.2465277777777778
4 0.35009765625 0.3246527777777778 0.0283203125 0.1076388888888889
4 0.5439453125 0.6041666666666666 0.05859375 0.2013888888888889
4 0.5751953125 0.7612847222222222 0.07421875 0.2552083333333333