3 0.51259765625 0.5946180555555556 0.0173828125 0.005208333333333333
6 0.503125 0.5 0.01484375 0.029166666666666667
8 0.48232421875 0.28194444444444444 0.0056640625 0.0125
3 0.279296875 0.3217013888888889 0.015625 0.007291666666666667
3 0.3892578125 0.29288194444444443 0.007421875 0.003125
8 0.39140625 0.24947916666666667 0.00703125 0.013541666666666667
4 0.50146484375 0.5746527777777778 0.0537109375 0.19791666666666666
4 0.39208984375 0.2803819444444444 0.0244140625 0.09895833333333333
4 0.48291015625 0.3185763888888889 0.0283203125 0.10590277777777778
5 0.28125 0.296875 0.06640625 0.1111111111111111
5 0.353515625 0.20833333333333334 0.052734375 0.0798611111111111