8 0.60481640625 0.8807847222222221 0.02994921875 0.05324305555555556
8 0.62434765625 0.8206041666666667 0.02994921875 0.04861111111111111
8 0.61393359375 0.5798611111111112 0.02473828125 0.05324305555555556
8 0.60872265625 0.5601875 0.02473828125 0.04629861111111111
8 0.36653515625 0.3229166666666667 0.02213671875 0.03935416666666667
4 0.36328125 0.36342361111111116 0.03645703125 0.13425694444444444
4 0.611328125 0.6608819444444444 0.06119921874999999 0.2337986111111111
4 0.60676953125 0.8819444444444444 0.14583203125 0.16203472222222223
4 0.59309765625 0.9270833333333334 0.14192578125 0.14583333333333334
5 0.38737109375 0.23727083333333335 0.05338671874999999 0.09490972222222221
5 0.32161328125 0.19444444444444445 0.05208203125000001 0.06944444444444445