8 0.05078125 0.7199097222222223 0.02864453125 0.05092361111111111
8 0.011066406249999999 0.7060208333333333 0.022132812499999998 0.05555555555555555
6 0.490234375 0.8067152777777779 0.04036328125 0.06713194444444445
8 0.693359375 0.9328680555555555 0.03255078125 0.06944444444444445
8 0.63346484375 0.8993055555555556 0.03255078125 0.07175694444444444
3 0.57942578125 0.9120347222222221 0.04426953125 0.02314583333333333
4 0.07356640625000001 0.8148124999999999 0.14713671875 0.2731458333333333
4 0.49609375 0.8900486111111111 0.1796875 0.21990972222222224
4 0.66080859375 0.9340277777777778 0.13151171875 0.13194444444444445
5 0.29426953125 0.4363402777777778 0.10416796875 0.17824305555555556
5 0.5390625 0.7824097222222223 0.203125 0.3101875