8 0.5969296875000001 0.7140416666666667 0.034484375 0.06141666666666667
8 0.5699804687500001 0.5688819444444445 0.0300625 0.044243055555555556
6 0.45436328125000003 0.34291666666666665 0.028000000000000004 0.03676388888888889
8 0.57128125 0.42464583333333333 0.01704296875 0.0474375
6 0.573234375 0.30217361111111113 0.023554687499999998 0.04786805555555556
8 0.57747265625 0.6932847222222223 0.02994921875 0.043979166666666666
4 0.595703125 0.8171319444444445 0.09505078125000001 0.2962986111111111
4 0.576171875 0.6296319444444444 0.05859375 0.19444444444444445
4 0.57747265625 0.4652777777777778 0.04557421875 0.1388888888888889
4 0.458984375 0.39814583333333337 0.04296875 0.16203472222222223
4 0.57551953125 0.3344930555555556 0.05989453125000001 0.1273125