8 0.48703906249999995 0.5123125000000001 0.014558593750000001 0.03345833333333333
3 0.49600390625 0.6261041666666667 0.02041796875 0.009152777777777777
8 0.7233671875 0.832861111111111 0.0188203125 0.04640277777777777
8 0.701703125 0.8095 0.02059765625 0.04640277777777777
3 0.7501757812500001 0.9772708333333333 0.026632812500000002 0.013256944444444444
3 0.12801953125 0.6646180555555555 0.04012890625 0.01988888888888889
3 0.2495546875 0.3514861111111111 0.021128906250000003 0.009784722222222222
8 0.3549375 0.23531944444444444 0.0078125 0.018625
3 0.355203125 0.2992430555555556 0.01154296875 0.0063124999999999995
5 0.1376953125 0.5789930555555556 0.13671875 0.2552083333333333
5 0.25146484375 0.3116319444444444 0.0849609375 0.140625
5 0.4765625 0.8723958333333334 0.25390625 0.2552083333333333
4 0.48046875 0.6073958333333334 0.060546875 0.2378472222222222
4 0.71923828125 0.8892013888888889 0.1025390625 0.22159722222222225
4 0.35400390625 0.2829861111111111 0.0322265625 0.1284722222222222