8 0.6007265625 0.4853680555555555 0.01116015625 0.018354166666666668
3 0.60867578125 0.5587777777777778 0.01813671875 0.0064513888888888885
3 0.55608203125 0.8085347222222222 0.03738671875 0.018847222222222224
9 0.55231640625 0.6525277777777778 0.03878515625 0.053076388888888895
3 0.52092578125 0.40650000000000003 0.02008984375 0.009423611111111112
3 0.275390625 0.5714305555555556 0.0284609375 0.013888888888888888
3 0.294921875 0.2569444444444444 0.01416015625 0.006513888888888889
6 0.37872265625 0.24131944444444445 0.008421874999999999 0.012152777777777778
3 0.37786718750000003 0.2786458333333333 0.010132812500000001 0.003472222222222222
8 0.669390625 0.9021458333333333 0.02556640625 0.05302777777777778
5 0.2734375 0.5086805555555556 0.10546875 0.19444444444444445
5 0.52490234375 0.7048611111111112 0.1806640625 0.2881944444444444
5 0.4892578125 0.3567708333333333 0.125 0.1684027777777778
5 0.29833984375 0.2309027777777778 0.0556640625 0.09027777777777778
4 0.37890625 0.2769097222222222 0.0234375 0.09895833333333333
4 0.60205078125 0.5564236111111112 0.0478515625 0.19270833333333334
4 0.66162109375 0.9348958333333334 0.1787109375 0.13020833333333334