8 0.13824609375000002 0.3688472222222222 0.03117578125 0.051590277777777784
6 0.318046875 0.6651944444444444 0.044429687499999995 0.06557638888888889
8 0.7648867187499999 0.8059513888888888 0.04226953125 0.05542361111111111
3 0.38132421875 0.4005694444444445 0.030355468749999996 0.036319444444444446
4 0.76041796875 0.8715277777777778 0.09895703125000001 0.2569444444444444
4 0.701171875 0.5613402777777778 0.06119921874999999 0.2152777777777778
4 0.443359375 0.3344930555555556 0.04036328125 0.14583333333333334
4 0.13411328125 0.4409722222222222 0.04426953125 0.18286805555555555
8 0.705078125 0.4895833333333333 0.02473828125 0.043979166666666666
6 0.44401171875 0.2777777777777778 0.0234375 0.04629861111111111
4 0.31770703125 0.7650486111111111 0.06510546874999999 0.2847222222222222
5 0.37109375 0.3611111111111111 0.09635546874999999 0.19444444444444445