3 0.39494921875 0.34597916666666667 0.02371484375 0.010416666666666666
3 0.43987109375 0.48636111111111113 0.017578125 0.0074375000000000005
8 0.43708203125 0.390625 0.01032421875 0.024305555555555556
8 0.48521093750000005 0.46849999999999997 0.0128359375 0.02728472222222222
8 0.48019140625 0.4471736111111111 0.0128359375 0.015375
8 0.42898828125 0.38938194444444446 0.00641796875 0.020833333333333332
3 0.48702734375 0.5716736111111111 0.0203671875 0.008430555555555556
8 0.37848828125 0.9228680555555556 0.029296875 0.053076388888888895
6 0.71275 0.8559027777777778 0.028738281249999997 0.05406944444444444
3 0.31652734374999997 0.2248263888888889 0.015871093750000002 0.009118055555555556
5 0.39208984375 0.3064236111111111 0.0849609375 0.1440972222222222
5 0.322265625 0.1970486111111111 0.064453125 0.09895833333333333
4 0.43896484375 0.46875 0.0498046875 0.1875
4 0.48388671875 0.546875 0.0478515625 0.22569444444444445
4 0.70361328125 0.9114583333333334 0.1767578125 0.17708333333333334