3 0.3888359375 0.8428819444444444 0.04133984375 0.014465277777777777
6 0.46223828125 0.35022916666666665 0.00989453125 0.025465277777777778
6 0.383984375 0.33194444444444443 0.01119921875 0.022222222222222223
6 0.40520703124999996 0.2652777777777778 0.00833203125 0.016666666666666666
3 0.385546875 0.4 0.01223828125 0.007409722222222222
3 0.46575390624999996 0.4162013888888889 0.010675781249999999 0.005555555555555556
3 0.40388671875000004 0.314875 0.0059609375 0.004020833333333334
5 0.373046875 0.7317708333333334 0.162109375 0.3072916666666667
4 0.3837890625 0.3836805555555556 0.033203125 0.14583333333333334
4 0.4638671875 0.4045138888888889 0.03515625 0.14583333333333334
4 0.40478515625 0.3020833333333333 0.0263671875 0.1076388888888889