8 0.4434609375 0.3126805555555556 0.0078125 0.015715277777777776
3 0.44387499999999996 0.3707986111111111 0.009046875 0.005479166666666666
10 0.6275703125 0.9071666666666667 0.0372109375 0.07748611111111112
8 0.17156640625 0.8793888888888889 0.0215859375 0.03947222222222223
3 0.3026328125 0.533625 0.02837109375 0.012423611111111111
3 0.24321484375 0.33863194444444444 0.018914062500000002 0.009138888888888889
3 0.3775 0.23853472222222222 0.0060859375 0.005166666666666667
6 0.37799609375 0.20897916666666666 0.0070859375 0.015180555555555555
5 0.2998046875 0.4852430555555556 0.095703125 0.17881944444444445
5 0.24951171875 0.3020833333333333 0.0791015625 0.13194444444444445
5 0.65087890625 0.8888888888888888 0.2275390625 0.2222222222222222
4 0.4423828125 0.3550347222222222 0.03125 0.11284722222222222
4 0.37646484375 0.23697916666666666 0.0244140625 0.08854166666666667
4 0.171875 0.9270833333333334 0.15625 0.14583333333333334