7 0.49767578125 0.30020833333333335 0.01245703125 0.029840277777777778
6 0.5123515624999999 0.14554861111111111 0.012246093750000001 0.020083333333333335
3 0.51546484375 0.21293055555555557 0.0123515625 0.004319444444444444
6 0.44937890625000004 0.011263888888888888 0.00623046875 0.01576388888888889
3 0.4494296875 0.04457638888888889 0.0059140625 0.003569444444444444
3 0.59686328125 0.34084027777777776 0.015308593749999998 0.004881944444444445
8 0.60166796875 0.24727777777777776 0.01161328125 0.020083333333333335
8 0.721546875 0.36711805555555554 0.012140624999999999 0.025527777777777778
3 0.74430078125 0.45579861111111114 0.017738281249999998 0.007694444444444445
8 0.66173828125 0.39761805555555557 0.012246093750000001 0.025715277777777778
8 0.66464453125 0.4314027777777778 0.013832031249999998 0.027590277777777776
8 0.8356718750000001 0.41629166666666667 0.012140624999999999 0.02364583333333333
3 0.85124609375 0.48545138888888884 0.011191406249999999 0.014451388888888889
4 0.4970703125 0.3723958333333333 0.046875 0.18229166666666666
4 0.513671875 0.20052083333333334 0.037109375 0.140625
4 0.44921875 0.051215277777777776 0.029296875 0.10243055555555555
4 0.5986328125 0.3203125 0.04296875 0.18229166666666666
4 0.6611328125 0.4817708333333333 0.052734375 0.21354166666666666
4 0.72607421875 0.4583333333333333 0.0654296875 0.21875
4 0.8291015625 0.4939236111111111 0.072265625 0.19618055555555555