6 0.26823046875 0.42939583333333337 0.03385546875 0.057868055555555555
3 0.44010546875 0.4583333333333333 0.04426953125 0.027777777777777776
8 0.58984375 0.4560208333333333 0.0234375 0.05092361111111111
8 0.61067578125 0.48032638888888884 0.02083203125 0.03009027777777778
6 0.55403515625 0.2662013888888889 0.01953125 0.04629861111111111
9 0.400390625 0.3287013888888889 0.03255078125 0.08333333333333333
4 0.599609375 0.5625 0.07942578125000001 0.2777777777777778
4 0.265625 0.5243055555555556 0.06510546874999999 0.2754652777777778
4 0.55338671875 0.3321736111111111 0.046875 0.1875
5 0.4296875 0.38425694444444447 0.12760546875 0.24536805555555555
5 0.466796875 0.1990763888888889 0.10026171875 0.15740972222222221