3 0.52516015625 0.5529027777777777 0.031480468750000004 0.012666666666666666
3 0.510453125 0.27450694444444446 0.014476562500000002 0.005722222222222222
8 0.5082734375 0.19383333333333333 0.0082734375 0.02246527777777778
8 0.5016093749999999 0.18811111111111112 0.00597265625 0.02246527777777778
10 0.48805078125 0.41523611111111114 0.02757421875 0.03635416666666667
11 0.48219140625 0.4150347222222222 0.009421875 0.022055555555555557
10 0.5249296875 0.4170763888888889 0.029640624999999997 0.048201388888888884
11 0.52562109375 0.41768750000000004 0.0163125 0.03227083333333333
3 0.748734375 0.7373333333333333 0.0245859375 0.012256944444444444
8 0.7358671875 0.5733263888888889 0.0190703125 0.04207638888888889
4 0.44140625 0.08680555555555555 0.02734375 0.10069444444444445
4 0.50634765625 0.24913194444444445 0.0380859375 0.171875
4 0.7265625 0.6970486111111112 0.091796875 0.3003472222222222
5 0.50732421875 0.4565972222222222 0.1298828125 0.2465277777777778