3 0.32330078125 0.4375 0.01976171875 0.010618055555555554
3 0.3671875 0.2463263888888889 0.0229765625 0.0114375
3 0.40636328125 0.07556944444444444 0.0066640625 0.006534722222222222
3 0.368453125 0.09947222222222223 0.00574609375 0.006125
3 0.46909375000000003 0.7248749999999999 0.026425781250000002 0.008576388888888889
8 0.46208593750000004 0.5710763888888889 0.0160859375 0.035944444444444446
8 0.72196875 0.37030555555555555 0.012867187499999998 0.030638888888888886
3 0.7449453125 0.4569027777777778 0.01884375 0.009395833333333332
6 0.369484375 0.050243055555555555 0.0082734375 0.018791666666666665
8 0.40682421875 0.035944444444444446 0.0066640625 0.015520833333333334
8 0.50758203125 0.11172222222222222 0.0082734375 0.020833333333333332
4 0.46484375 0.7057291666666666 0.072265625 0.3177083333333333
4 0.724609375 0.4592013888888889 0.072265625 0.22743055555555555
5 0.32763671875 0.3741319444444444 0.1025390625 0.2170138888888889
5 0.37109375 0.19270833333333334 0.091796875 0.16666666666666666