8 0.42680859375 0.40460416666666665 0.013980468749999999 0.03070138888888889
6 0.466796875 0.11622916666666668 0.010484375 0.020465277777777777
3 0.46875 0.16105555555555554 0.009015625 0.004805555555555555
8 0.72378125 0.36993750000000003 0.013671875 0.028868055555555557
3 0.744515625 0.45634722222222224 0.01787890625 0.007743055555555556
3 0.8515625 0.48386111111111113 0.01141796875 0.015756944444444445
8 0.8355625 0.41815277777777776 0.013972656250000002 0.025374999999999998
4 0.42578125 0.5008680555555556 0.052734375 0.22743055555555555
4 0.46728515625 0.1657986111111111 0.0361328125 0.13020833333333334
4 0.7236328125 0.4592013888888889 0.072265625 0.2204861111111111
4 0.828125 0.4947916666666667 0.07421875 0.19444444444444445