3 0.52917578125 0.4709236111111111 0.020265625000000002 0.008680555555555556
3 0.6350390625 0.4210069444444444 0.01617578125 0.006944444444444444
8 0.6270156250000001 0.3229166666666667 0.0126953125 0.028645833333333332
8 0.5253320312499999 0.37630555555555556 0.01294140625 0.027777777777777776
6 0.48834375 0.2690972222222222 0.0146484375 0.030381944444444444
3 0.4951171875 0.37261111111111106 0.0166015625 0.007375
3 0.3642578125 0.41774999999999995 0.02783203125 0.012590277777777777
3 0.38842578125 0.16297916666666667 0.02001953125 0.009118055555555556
4 0.49169921875 0.3428819444444444 0.0458984375 0.19270833333333334
4 0.52978515625 0.4730902777777778 0.0556640625 0.22743055555555555
4 0.6259765625 0.4045138888888889 0.05859375 0.2048611111111111
5 0.36572265625 0.3532986111111111 0.1103515625 0.21006944444444445
5 0.3896484375 0.1232638888888889 0.064453125 0.125