9 0.7850546875 0.8766458333333332 0.03515625 0.08588888888888889
8 0.8274062499999999 0.40149999999999997 0.0137734375 0.028145833333333335
3 0.84652734375 0.48501388888888886 0.013363281250000001 0.013888888888888888
3 0.743625 0.4563263888888889 0.01809375 0.006944444444444444
8 0.72234765625 0.37280555555555556 0.0137734375 0.03216666666666667
6 0.5821328125 0.39053472222222224 0.016242187499999998 0.03179861111111111
3 0.481703125 0.4543125 0.03371875 0.013888888888888888
10 0.45004296874999994 0.3400972222222222 0.0234375 0.043493055555555556
8 0.51469921875 0.21984722222222222 0.009664062499999999 0.02448611111111111
5 0.46923828125 0.3819444444444444 0.1201171875 0.2152777777777778
5 0.796875 0.8463541666666666 0.271484375 0.3072916666666667
4 0.5859375 0.4774305555555556 0.052734375 0.2222222222222222
4 0.5146484375 0.2777777777777778 0.0390625 0.15625
4 0.728515625 0.4600694444444444 0.076171875 0.2222222222222222
4 0.82568359375 0.484375 0.0693359375 0.2152777777777778