6 0.2705078125 0.8854166666666666 0.033203125 0.07291666666666667
8 0.7774257812500001 0.5020277777777777 0.01611328125 0.036458333333333336
3 0.80436328125 0.6296319444444444 0.012042968749999999 0.008104166666666666
3 0.3767890625 0.166375 0.01823046875 0.007520833333333333
3 0.40535546875 0.40668055555555555 0.0304375 0.014180555555555557
3 0.5023593749999999 0.2997708333333333 0.01513671875 0.005784722222222222
8 0.49812890625 0.21585416666666665 0.01025390625 0.02372916666666667
4 0.767578125 0.6041666666666666 0.107421875 0.2638888888888889
4 0.49951171875 0.2803819444444444 0.0400390625 0.171875
4 0.2646484375 0.9201388888888888 0.095703125 0.1597222222222222
5 0.40234375 0.3420138888888889 0.119140625 0.22569444444444445
5 0.376953125 0.13020833333333334 0.080078125 0.125