3 0.5612812500000001 0.8658888888888889 0.025390625 0.010416666666666666
6 0.55334375 0.7161458333333334 0.026125 0.05295138888888889
6 0.72009375 0.6089375 0.022218750000000002 0.043402777777777776
8 0.723265625 0.3697916666666667 0.0134296875 0.028645833333333332
3 0.7445078125 0.45616666666666666 0.017332031249999998 0.0078125
8 0.8359375 0.41774999999999995 0.013671875 0.027347222222222224
3 0.8515625 0.484375 0.0126953125 0.016493055555555556
8 0.41052343750000003 0.09245138888888889 0.008546874999999999 0.016493055555555556
4 0.4091796875 0.1362847222222222 0.03125 0.1232638888888889
4 0.55517578125 0.8376736111111112 0.0888671875 0.3177083333333333
4 0.7265625 0.7317708333333334 0.064453125 0.3072916666666667
4 0.724609375 0.4600694444444444 0.0703125 0.2222222222222222
4 0.8291015625 0.4982638888888889 0.07421875 0.19791666666666666