6 0.44453125 0.03819444444444445 0.007292968750000001 0.017131944444444446
3 0.4453125 0.07690972222222223 0.0078125 0.0045138888888888885
6 0.53203125 0.17378472222222222 0.010546875 0.019791666666666666
8 0.72265625 0.3692708333333333 0.01328125 0.029513888888888888
3 0.74443359375 0.4560763888888889 0.0181640625 0.00798611111111111
8 0.83623046875 0.41822916666666665 0.0123046875 0.024652777777777777
3 0.8513671875 0.48541666666666666 0.0125 0.01597222222222222
4 0.44384765625 0.0763888888888889 0.0283203125 0.1076388888888889
4 0.53369140625 0.2309027777777778 0.0322265625 0.1388888888888889
4 0.7314453125 0.453125 0.05859375 0.2222222222222222
4 0.82861328125 0.4939236111111111 0.0771484375 0.19270833333333334