6 0.78092578125 0.5659722222222222 0.02191796875 0.04552777777777778
3 0.79166796875 0.6772777777777778 0.0234375 0.009645833333333334
8 0.9893671875000001 0.5897013888888889 0.01605859375 0.034333333333333334
6 0.9115664062500001 0.4953680555555556 0.02018359375 0.03395138888888889
3 0.93587109375 0.6450625 0.0145390625 0.013888888888888888
3 0.5456796875000001 0.2922430555555555 0.01584375 0.007333333333333334
8 0.5427500000000001 0.2185555555555556 0.008246093749999999 0.02276388888888889
4 0.54345703125 0.2743055555555556 0.0400390625 0.1701388888888889
4 0.76513671875 0.6770833333333334 0.0986328125 0.2743055555555556
4 0.8984375 0.5928819444444444 0.1015625 0.2378472222222222
4 0.96435546875 0.6961805555555556 0.0654296875 0.2673611111111111