6 0.48617968749999996 0.13194444444444445 0.01201953125 0.02029861111111111
3 0.48813281249999996 0.1968472222222222 0.0111171875 0.005875000000000001
3 0.4140625 0.13595138888888889 0.0174296875 0.006944444444444444
8 0.58233203125 0.5590277777777778 0.0162265625 0.03793055555555555
3 0.5884921875 0.7045972222222222 0.025539062499999998 0.009618055555555555
8 0.83488671875 0.4166666666666667 0.014722656249999999 0.026708333333333334
3 0.85201171875 0.4850416666666667 0.0123203125 0.014958333333333332
6 0.91090625 0.5195000000000001 0.0201328125 0.04220138888888889
3 0.94366015625 0.6354166666666666 0.010515625 0.006944444444444444
5 0.41064453125 0.09288194444444445 0.0693359375 0.1232638888888889
4 0.48779296875 0.1857638888888889 0.0400390625 0.1423611111111111
4 0.58251953125 0.6727430555555556 0.0771484375 0.3072916666666667
4 0.82666015625 0.4965277777777778 0.0693359375 0.2013888888888889
4 0.9091796875 0.6163194444444444 0.115234375 0.25