6 0.39697265625 0.43468055555555557 0.02001953125 0.0395
3 0.399171875 0.5670555555555555 0.02197265625 0.00825
6 0.5930195312500001 0.375 0.01513671875 0.034722222222222224
3 0.6018085937500001 0.49175694444444445 0.0185546875 0.0078125
6 0.8688984375000001 0.6666666666666666 0.02685546875 0.0546875
3 0.89453125 0.8289930555555556 0.0234375 0.008680555555555556
8 0.50012109375 0.16124305555555554 0.009523437499999999 0.01953472222222222
4 0.50244140625 0.2109375 0.0341796875 0.1371527777777778
4 0.39794921875 0.5381944444444444 0.0556640625 0.2673611111111111
4 0.595703125 0.4635416666666667 0.056640625 0.2326388888888889
4 0.85791015625 0.7916666666666666 0.1103515625 0.3263888888888889