8 0.58854296875 0.3020833333333333 0.0234375 0.04861111111111111
8 0.724609375 0.3738402777777778 0.02473828125 0.03009027777777778
8 0.826171875 0.41435416666666663 0.02473828125 0.04629861111111111
6 0.82551953125 0.6041666666666666 0.02604296875 0.05092361111111111
6 0.44987109375 0.06134027777777778 0.014324218750000001 0.034722222222222224
9 0.43087890624999997 0.21409027777777778 0.01876953125 0.050048611111111106
4 0.58984375 0.36574305555555553 0.04426953125 0.2037013888888889
4 0.7265625 0.4560208333333333 0.0625 0.20833333333333334
4 0.81575390625 0.7233819444444445 0.09505078125000001 0.3032430555555556
4 0.83658984375 0.48032638888888884 0.07682421874999999 0.2152777777777778
5 0.38932421875 0.09953472222222223 0.06510546874999999 0.125
5 0.44791796875 0.2442152777777778 0.09375 0.1736111111111111
5 0.83333203125 0.9351875000000001 0.24739453125000002 0.12963194444444442