6 0.67448046875 0.5011597222222222 0.03385546875 0.057868055555555555
6 0.49609375 0.18865972222222224 0.02604296875 0.043979166666666666
3 0.50846484375 0.4340277777777778 0.04557421875 0.025465277777777778
8 0.72591015625 0.37731250000000005 0.02473828125 0.04629861111111111
8 0.83463671875 0.4131944444444444 0.02604296875 0.04861111111111111
4 0.41471484375 0.1990763888888889 0.03255078125 0.13425694444444444
4 0.49283984375 0.22338194444444445 0.03255078125 0.11805555555555555
4 0.5859375 0.14930555555555555 0.03125 0.1087986111111111
4 0.67122265625 0.6064791666666667 0.06380078125000001 0.2824097222222222
4 0.72916796875 0.4560208333333333 0.05729296874999999 0.2037013888888889
4 0.83203125 0.49074305555555553 0.07551953125000001 0.2129652777777778
5 0.48762890625 0.36574305555555553 0.12890625 0.2129652777777778