3 0.50048828125 0.6668125 0.02473828125 0.0078125
8 0.48991015625 0.5300902777777778 0.014972656249999999 0.03819444444444445
8 0.48543359375 0.5034722222222222 0.014484374999999999 0.013888888888888888
6 0.4243984375 0.17592361111111113 0.009929687500000001 0.026041666666666668
3 0.42903515625 0.2479722222222222 0.013347656250000001 0.005784722222222222
8 0.44539453125 0.1260138888888889 0.007648437499999999 0.017069444444444443
3 0.4493828125 0.180125 0.0078125 0.0055
6 0.421875 0.052083333333333336 0.0087890625 0.01678472222222222
3 0.4220390625 0.1021388888888889 0.010089843749999999 0.004048611111111111
4 0.4248046875 0.2300347222222222 0.033203125 0.16145833333333334
4 0.49365234375 0.6354166666666666 0.0732421875 0.2916666666666667
4 0.44970703125 0.17100694444444445 0.0283203125 0.1232638888888889
4 0.42236328125 0.0920138888888889 0.0263671875 0.1111111111111111