6 0.66862109375 0.6504652777777777 0.03255078125 0.0601875
8 0.59635546875 0.3530069444444444 0.03125 0.057868055555555555
3 0.45182421875 0.3587986111111111 0.03385546875 0.02314583333333333
10 0.42873828124999996 0.25706944444444446 0.02313671875 0.05398611111111111
10 0.45910546874999997 0.26285416666666667 0.0202421875 0.050125
8 0.4826015625 0.10668055555555556 0.013738281250000001 0.0205625
8 0.47754296875 0.10089583333333332 0.013738281250000001 0.026993055555555555
8 0.5382734375 0.05784027777777778 0.010843750000000001 0.0205625
4 0.48176953125 0.14583333333333334 0.03385546875 0.12963194444444442
4 0.59244921875 0.43981250000000005 0.05989453125000001 0.24074305555555556
4 0.66536328125 0.7696736111111111 0.0859375 0.3310208333333333
5 0.4453125 0.2905069444444444 0.1015625 0.19675694444444444