3 0.51979296875 0.40868055555555555 0.02890625 0.012270833333333335
3 0.46692578124999995 0.11423611111111111 0.00703125 0.005784722222222222
3 0.42760546875000005 0.09444444444444444 0.009113281249999999 0.003701388888888889
6 0.46575390624999996 0.06944444444444445 0.009375 0.012965277777777779
6 0.42577734375 0.04595138888888889 0.007300781250000001 0.01597222222222222
3 0.3673828125 0.18206250000000002 0.014972656249999999 0.0085625
8 0.37955859375 0.18564583333333332 0.00807421875 0.018520833333333334
3 0.37688671875 0.24432638888888888 0.01393359375 0.004861111111111111
5 0.50732421875 0.3463541666666667 0.1201171875 0.2065972222222222
4 0.37841796875 0.2439236111111111 0.0361328125 0.15104166666666666
5 0.37060546875 0.1440972222222222 0.0810546875 0.1423611111111111