6 0.8120664062499999 0.6782430555555555 0.025171875 0.04784027777777778
3 0.84635546875 0.8456805555555555 0.021703125 0.010805555555555556
3 0.6779531249999999 0.3433611111111111 0.012152343749999999 0.013888888888888888
8 0.67144140625 0.27623611111111107 0.009546875 0.02314583333333333
6 0.513671875 0.21681944444444445 0.009984375 0.024694444444444446
3 0.515625 0.29706944444444444 0.012152343749999999 0.004631944444444445
3 0.40516406250000003 0.25733333333333336 0.02387109375 0.01157638888888889
4 0.513671875 0.2769097222222222 0.041015625 0.17881944444444445
4 0.6748046875 0.3446180555555556 0.044921875 0.17881944444444445
4 0.8046875 0.8098958333333334 0.125 0.3454861111111111
5 0.40283203125 0.2048611111111111 0.0927734375 0.1527777777777778