3 0.405859375 0.6760416666666667 0.015234375 0.017361111111111112
3 0.5818359375 0.6387152777777778 0.017578125 0.00798611111111111
6 0.5748046875 0.5032986111111111 0.019921875 0.04201388888888889
8 0.40556640625 0.5392361111111111 0.0169921875 0.030555555555555555
8 0.8349609375 0.4175347222222222 0.012890625 0.028819444444444446
8 0.723046875 0.3703125 0.012109375 0.03090277777777778
3 0.74423828125 0.45538194444444446 0.0185546875 0.00798611111111111
3 0.8513671875 0.48489583333333336 0.013671875 0.017708333333333333
5 0.7734375 0.8506944444444444 0.296875 0.2986111111111111
4 0.404296875 0.6597222222222222 0.0625 0.28125
4 0.5751953125 0.6119791666666666 0.0625 0.2829861111111111
4 0.7236328125 0.4592013888888889 0.072265625 0.2309027777777778
4 0.82861328125 0.4930555555555556 0.0751953125 0.19444444444444445