3 0.40852734375 0.4795555555555555 0.01975 0.008486111111111111
6 0.4070078125 0.3564791666666667 0.018445312499999998 0.034722222222222224
8 0.45149609375 0.09066666666666667 0.007593750000000001 0.014659722222222222
6 0.38899609375 0.046875 0.0088984375 0.01967361111111111
3 0.45149609375 0.06674305555555556 0.0088984375 0.004631944444444445
8 0.44965234374999996 0.022569444444444444 0.0069453125 0.015048611111111112
8 0.8517812499999999 0.6211388888888889 0.01953125 0.041666666666666664
8 0.83366015625 0.6207569444444444 0.014105468749999999 0.029319444444444443
8 0.8555781250000001 0.6616527777777778 0.01627734375 0.03703472222222222
4 0.4091796875 0.4496527777777778 0.05078125 0.2361111111111111
4 0.4521484375 0.1388888888888889 0.03125 0.11458333333333333
4 0.84521484375 0.7430555555555556 0.1064453125 0.3194444444444444