3 0.54696484375 0.4594375 0.029652343749999997 0.0123125
3 0.439453125 0.256 0.023082031250000003 0.010729166666666666
3 0.3681640625 0.12863194444444442 0.017933593749999997 0.008520833333333333
3 0.38298828125 0.03014583333333333 0.013140625 0.007888888888888888
3 0.46910546875000003 0.04797916666666667 0.00745703125 0.0037847222222222223
3 0.54678515625 0.45959722222222227 0.028941406250000003 0.012624999999999999
6 0.84073046875 0.5459305555555556 0.018109375 0.041354166666666664
8 0.8276796875000001 0.5273055555555556 0.00798828125 0.02998611111111111
6 0.8755312500000001 0.6158472222222222 0.0234375 0.05177083333333333
5 0.36865234375 0.08940972222222222 0.0634765625 0.11979166666666667
5 0.435546875 0.2074652777777778 0.095703125 0.1545138888888889
5 0.53466796875 0.3871527777777778 0.1162109375 0.22916666666666666
4 0.8291015625 0.6163194444444444 0.072265625 0.22569444444444445
4 0.87451171875 0.7404513888888888 0.1044921875 0.3142361111111111