8 0.40051171874999997 0.8509097222222222 0.022218750000000002 0.05252083333333333
3 0.341796875 0.4910277777777778 0.03125 0.012152777777777778
3 0.419203125 0.2615138888888889 0.01315625 0.006215277777777777
6 0.4200234375 0.18822916666666667 0.0123359375 0.021930555555555554
6 0.5194296875 0.21856944444444446 0.01212890625 0.019736111111111114
3 0.52096875 0.2841736111111111 0.009457031250000001 0.009868055555555557
6 0.47183203125000006 0.08205555555555555 0.009046875 0.01863888888888889
5 0.34521484375 0.4097222222222222 0.1259765625 0.2465277777777778
5 0.74267578125 0.7482638888888888 0.2646484375 0.3819444444444444
4 0.52001953125 0.2803819444444444 0.0419921875 0.1684027777777778
4 0.41943359375 0.2456597222222222 0.0341796875 0.1545138888888889
4 0.39990234375 0.9071180555555556 0.0888671875 0.1857638888888889