8 0.443296875 0.5670277777777778 0.01888671875 0.05905555555555556
8 0.9133125 0.6885763888888888 0.02662109375 0.05677777777777778
8 0.749 0.518875 0.03654296875 0.09238194444444445
8 0.583390625 0.35843055555555553 0.028238281250000004 0.05390277777777778
8 0.6100820312499999 0.2896736111111111 0.026933593750000002 0.05063888888888889
5 0.3681640625 0.21180555555555555 0.103515625 0.19444444444444445
4 0.4443359375 0.6866319444444444 0.078125 0.3107638888888889
4 0.91552734375 0.8098958333333334 0.1162109375 0.3246527777777778
4 0.744140625 0.6154513888888888 0.087890625 0.3038194444444444
4 0.58544921875 0.4314236111111111 0.0419921875 0.21354166666666666
4 0.6103515625 0.3576388888888889 0.0546875 0.2048611111111111
4 0.54541015625 0.2777777777777778 0.0361328125 0.16666666666666666