6 0.48702734375 0.13095138888888888 0.0108828125 0.02479861111111111
3 0.49428124999999995 0.34796527777777775 0.0265078125 0.014381944444444445
3 0.3194765625 0.5793680555555555 0.0340390625 0.013888888888888888
3 0.70047265625 0.7492569444444445 0.04157421875 0.018354166666666668
8 0.6319765625 0.3836805555555556 0.01394921875 0.030256944444444444
8 0.72335546875 0.3707847222222222 0.0125546875 0.029263888888888888
3 0.74441796875 0.4556041666666667 0.01953125 0.009423611111111112
8 0.836078125 0.4166666666666667 0.01423046875 0.026784722222222224
3 0.851421875 0.48462500000000003 0.0125546875 0.016868055555555556
3 0.94321875 0.6393819444444445 0.01199609375 0.015875
8 0.9105742187500001 0.5438958333333334 0.0164609375 0.036208333333333335
5 0.32470703125 0.4852430555555556 0.1357421875 0.2690972222222222
5 0.49169921875 0.2847222222222222 0.1064453125 0.2013888888888889
5 0.640625 0.6206597222222222 0.23828125 0.3559027777777778
4 0.63671875 0.4131944444444444 0.048828125 0.1111111111111111
4 0.7265625 0.4609375 0.072265625 0.2204861111111111
4 0.828125 0.4887152777777778 0.078125 0.1892361111111111
4 0.9052734375 0.640625 0.125 0.2465277777777778