9 0.25260546875 0.7002291666666667 0.0390625 0.11342361111111111
3 0.27994921875 0.9108819444444445 0.05729296874999999 0.034722222222222224
9 0.63997265625 0.8854166666666666 0.04817578125 0.13657638888888887
8 0.721328125 0.3767152777777778 0.02782421875 0.04185416666666667
8 0.82941796875 0.417625 0.03210546875 0.051368055555555556
8 0.5602578125 0.24258333333333332 0.0203359375 0.043756944444444446
4 0.5546875 0.2916666666666667 0.0546875 0.17592361111111113
4 0.72981640625 0.46064583333333337 0.06901171874999999 0.23147916666666665
4 0.83203125 0.49074305555555553 0.07291796874999999 0.1990763888888889
5 0.27864453125 0.7407430555555556 0.16145703125 0.4166666666666667
5 0.669921875 0.84375 0.30338671875 0.3125