6 0.3924296875 0.06436805555555555 0.010214843749999999 0.021902777777777778
3 0.39017578125 0.1212638888888889 0.0123203125 0.005340277777777778
8 0.5919453125 0.3579027777777778 0.013820312500000001 0.03311805555555555
3 0.5970546875 0.4690138888888889 0.01983203125 0.009618055555555555
8 0.72746484375 0.5013333333333333 0.0162265625 0.035791666666666666
8 0.74925 0.41265972222222225 0.0123203125 0.025104166666666667
8 0.739484375 0.40785416666666663 0.0078125 0.02617361111111111
8 0.83488671875 0.4153333333333334 0.012921875 0.0283125
3 0.85111328125 0.4847777777777778 0.01171875 0.015493055555555555
4 0.390625 0.1076388888888889 0.033203125 0.12152777777777778
4 0.58642578125 0.4453125 0.0615234375 0.22395833333333334
4 0.828125 0.4913194444444444 0.076171875 0.2048611111111111
4 0.73779296875 0.4835069444444444 0.0576171875 0.1857638888888889
4 0.712890625 0.5989583333333334 0.078125 0.2569444444444444