8 0.748046875 0.6157430555555555 0.02734375 0.04629861111111111
8 0.78841015625 0.5347222222222222 0.02734375 0.04629861111111111
8 0.77018359375 0.5196736111111111 0.02734375 0.0625
8 0.71875 0.3738402777777778 0.01823046875 0.043979166666666666
9 0.328125 0.3703680555555556 0.02864453125 0.06944444444444445
3 0.34635546875 0.5081041666666667 0.04426953125 0.03009027777777778
4 0.73176953125 0.7534722222222222 0.09375 0.3449097222222222
4 0.78450390625 0.6446736111111111 0.08723828125000001 0.3125
4 0.71809765625 0.4513888888888889 0.08463671874999999 0.21759027777777776
4 0.40364453125 0.18865972222222224 0.0390625 0.14583333333333334
5 0.341796875 0.4247708333333333 0.10807421875 0.2615763888888889
5 0.36328125 0.09375 0.05989453125000001 0.11342361111111111