4 0.4698828125 0.28891666666666665 0.03967578125 0.1686736111111111
4 0.57684375 0.3259513888888889 0.05212109375 0.19659722222222223
4 0.43886328125 0.14155555555555555 0.03944140625 0.10468055555555557
4 0.54044921875 0.15847916666666667 0.0398984375 0.13413194444444446
8 0.5763515625 0.2652777777777778 0.01653125 0.03130555555555555
8 0.5689375 0.2424236111111111 0.01653125 0.029541666666666667
8 0.47260546875 0.22374305555555554 0.015453125000000002 0.022944444444444444
8 0.46259375 0.2203402777777778 0.01273828125 0.03151388888888889
8 0.5439140625000001 0.1172638888888889 0.01221484375 0.023131944444444445
8 0.5507109375 0.10660416666666667 0.0085078125 0.021590277777777778
6 0.43880468749999996 0.10099999999999999 0.0158359375 0.025770833333333333