6 0.48937890624999997 0.8617638888888889 0.0310078125 0.06120138888888889
8 0.59814453125 0.3081597222222222 0.01123046875 0.025173611111111112
3 0.6097421875 0.3815138888888889 0.010011718749999999 0.013020833333333334
8 0.534546875 0.20073611111111112 0.008058593749999999 0.018666666666666665
8 0.7898203125000001 0.4562083333333334 0.013238281250000001 0.0335625
7 0.7978515625 0.4677847222222222 0.0028203125 0.021222222222222222
3 0.8047968750000001 0.5665486111111111 0.0119375 0.014277777777777776
4 0.4951171875 0.9105902777777778 0.087890625 0.17881944444444445
4 0.78271484375 0.546875 0.0810546875 0.22916666666666666
4 0.59814453125 0.3819444444444444 0.0615234375 0.1909722222222222
4 0.53515625 0.2595486111111111 0.037109375 0.15104166666666666