3 0.35309765625 0.8727708333333333 0.029855468750000003 0.010416666666666666
8 0.35183984375 0.7132916666666668 0.0223203125 0.04563194444444444
6 0.39885546875 0.37971527777777775 0.01590234375 0.036208333333333335
3 0.40094921875 0.4610625 0.01618359375 0.0074375000000000005
3 0.5751953125 0.40575694444444443 0.017578125 0.006944444444444444
8 0.57351953125 0.3125 0.01032421875 0.0238125
8 0.5613828125 0.28794444444444445 0.01116015625 0.02728472222222222
3 0.531109375 0.2046111111111111 0.0086484375 0.010416666666666666
8 0.53083203125 0.13343055555555555 0.0086484375 0.016868055555555556
6 0.52204296875 0.13120138888888888 0.00725390625 0.01934722222222222
4 0.400390625 0.4678819444444444 0.052734375 0.2309027777777778
4 0.35205078125 0.8420138888888888 0.0810546875 0.3159722222222222
4 0.56884765625 0.3767361111111111 0.0595703125 0.2222222222222222