6 0.72721484375 0.7523124999999999 0.03515625 0.06944444444444445
8 0.71875 0.7048611111111112 0.02864453125 0.06713194444444445
8 0.603515625 0.37731250000000005 0.03255078125 0.0601875
8 0.75520703125 0.3518541666666667 0.03125 0.05555555555555555
3 0.501953125 0.6388888888888888 0.05338671874999999 0.02314583333333333
9 0.45421484375 0.4749513888888889 0.0235859375 0.07373611111111111
4 0.60286328125 0.45949305555555553 0.05729296874999999 0.2337986111111111
4 0.712890625 0.8287013888888889 0.09505078125000001 0.3055555555555556
4 0.75 0.4236111111111111 0.08333203125000001 0.19444444444444445
5 0.48698046875 0.5462986111111111 0.15625 0.3240763888888889
5 0.40950390625 0.11689583333333334 0.07682421874999999 0.1273125