3 0.568359375 0.7207777777777779 0.02669140625 0.009840277777777778
8 0.56217578125 0.5723402777777777 0.01692578125 0.03819444444444445
3 0.5782890625 0.42997916666666663 0.01725390625 0.008104166666666666
8 0.57080078125 0.3295694444444444 0.010089843749999999 0.024881944444444443
8 0.56689453125 0.3098958333333333 0.010089843749999999 0.015625
8 0.5135078125 0.2282986111111111 0.008136718749999999 0.022569444444444444
8 0.51139453125 0.2531805555555555 0.006511718750000001 0.01678472222222222
3 0.4267578125 0.14930555555555555 0.01887890625 0.010416666666666666
8 0.8151718750000001 0.5202847222222222 0.01644921875 0.031069444444444445
3 0.8396367187499999 0.6993819444444445 0.013980468749999999 0.015715277777777776
4 0.806640625 0.6189236111111112 0.1015625 0.2482638888888889
4 0.56298828125 0.6857638888888888 0.0771484375 0.3194444444444444
4 0.5703125 0.4019097222222222 0.046875 0.22395833333333334
4 0.5146484375 0.2960069444444444 0.044921875 0.1753472222222222
5 0.421875 0.10850694444444445 0.080078125 0.13368055555555555