6 0.391796875 0.3893541666666666 0.01953125 0.03611111111111111
3 0.39401171874999996 0.5138888888888888 0.015625 0.005555555555555556
6 0.41458203125 0.08333333333333333 0.010417968750000001 0.020368055555555556
3 0.414453125 0.13911805555555556 0.010675781249999999 0.005090277777777778
3 0.49323046875000004 0.1865763888888889 0.008855468750000001 0.0101875
8 0.49987109375000005 0.11852083333333333 0.00963671875 0.015743055555555555
3 0.8234375 0.4583333333333333 0.0140625 0.007409722222222222
8 0.82135546875 0.39699305555555553 0.01354296875 0.028243055555555556
4 0.41357421875 0.11979166666666667 0.0263671875 0.125
4 0.39404296875 0.4861111111111111 0.0595703125 0.25
4 0.4970703125 0.1605902777777778 0.033203125 0.1232638888888889
4 0.80029296875 0.4644097222222222 0.0810546875 0.1857638888888889