3 0.535296875 0.49082638888888885 0.0203671875 0.011902777777777778
9 0.50453515625 0.37277083333333333 0.026925781250000003 0.05506250000000001
6 0.45773046875 0.0683263888888889 0.0086484375 0.018104166666666668
3 0.45751953125 0.12363888888888888 0.01018359375 0.0037222222222222223
3 0.5353671875 0.11073611111111112 0.00934765625 0.018604166666666665
3 0.53759765625 0.17670833333333333 0.00851171875 0.007194444444444444
8 0.55245703125 0.07130555555555557 0.005859375 0.012152777777777778
3 0.55441015625 0.11172916666666666 0.00725390625 0.007194444444444444
5 0.51806640625 0.4053819444444444 0.1279296875 0.2552083333333333
4 0.724609375 0.4609375 0.07421875 0.2170138888888889
4 0.82861328125 0.4939236111111111 0.0732421875 0.19618055555555555
4 0.533203125 0.1545138888888889 0.029296875 0.11458333333333333
4 0.45556640625 0.11197916666666667 0.0322265625 0.11979166666666667