6 0.42465234374999994 0.4689305555555556 0.019121093750000002 0.04386111111111111
3 0.42896875 0.6087361111111111 0.022 0.008409722222222221
8 0.64288671875 0.37244444444444447 0.0135703125 0.029243055555555557
8 0.6314765625 0.3474027777777778 0.009664062499999999 0.02595138888888889
3 0.50945703125 0.2361111111111111 0.01028125 0.011694444444444445
8 0.50883984375 0.1825625 0.00822265625 0.020833333333333332
8 0.50020703125 0.17214583333333333 0.006988281250000001 0.019736111111111114
6 0.50544921875 0.13395138888888888 0.01089453125 0.020833333333333332
4 0.42626953125 0.5842013888888888 0.0654296875 0.2899305555555556
4 0.6376953125 0.4496527777777778 0.068359375 0.22916666666666666
4 0.50830078125 0.2387152777777778 0.0400390625 0.1440972222222222