3 0.49283984375 0.9583333333333334 0.06640625 0.02314583333333333
9 0.41862109375 0.7245347222222221 0.04296875 0.11574305555555554
6 0.771484375 0.6608819444444444 0.02994921875 0.05324305555555556
6 0.46419140625 0.2997708333333333 0.02734375 0.043979166666666666
8 0.72526171875 0.38078472222222226 0.03125 0.057868055555555555
8 0.86198046875 0.5127291666666667 0.02604296875 0.04861111111111111
5 0.3984375 0.1597222222222222 0.08333203125000001 0.1527777777777778
5 0.46419140625 0.7766180555555555 0.23567578125000002 0.44675694444444447
4 0.466796875 0.36689583333333337 0.05598828125000001 0.2106458333333333
4 0.72721484375 0.4618055555555556 0.06901171874999999 0.21990972222222224
4 0.85481640625 0.6111111111111112 0.06380078125000001 0.23147916666666665
4 0.771484375 0.7997708333333334 0.10807421875 0.3217569444444444