3 0.4113515625 0.3832916666666667 0.028429687500000002 0.013500000000000002
9 0.42860156250000003 0.2924375 0.02300390625 0.041666666666666664
8 0.7238515624999999 0.3721041666666667 0.013238281250000001 0.034333333333333334
3 0.7448984375000001 0.45563194444444444 0.017578125 0.0077152777777777775
8 0.65983203125 0.4855347222222222 0.01584375 0.0335625
3 0.6759999999999999 0.5960625 0.0147578125 0.016201388888888887
8 0.8349609375 0.41512499999999997 0.01540625 0.023916666666666666
3 0.8510195312500001 0.48360416666666667 0.0128046875 0.015819444444444445
5 0.41357421875 0.3211805555555556 0.0966796875 0.19444444444444445
4 0.65771484375 0.5894097222222222 0.0654296875 0.2552083333333333
4 0.724609375 0.4592013888888889 0.07421875 0.22395833333333334
4 0.830078125 0.4947916666666667 0.068359375 0.19791666666666666