8 0.65299609375 0.6631944444444444 0.03515625 0.05324305555555556
8 0.43619921875 0.6145833333333334 0.02864453125 0.05324305555555556
8 0.45833203125 0.8599513888888889 0.03645703125 0.07175694444444444
8 0.60546875 0.5208333333333334 0.03125 0.05555555555555555
8 0.724609375 0.3761597222222222 0.02734375 0.057868055555555555
8 0.83528515625 0.4212986111111111 0.02994921875 0.0601875
8 0.62239453125 0.2881944444444444 0.02083203125 0.043979166666666666
4 0.45377734375 0.9108819444444445 0.09244921874999999 0.17824305555555556
4 0.64583203125 0.8043958333333333 0.09895703125000001 0.37731250000000005
4 0.728515625 0.4513888888888889 0.06640625 0.23147916666666665
4 0.828125 0.4837986111111111 0.06510546874999999 0.1898125
4 0.62630078125 0.3472222222222222 0.04166796875 0.1527777777777778