8 0.49194531250000006 0.07747222222222222 0.0068359375 0.01779861111111111
6 0.5126953125 0.23763194444444444 0.01123046875 0.029083333333333336
8 0.503296875 0.2306875 0.00659375 0.01953472222222222
8 0.835328125 0.4145 0.012453124999999999 0.025173611111111112
8 0.85558984375 0.49500694444444443 0.01489453125 0.03342361111111111
3 0.8909921875 0.6215277777777778 0.01391796875 0.008680555555555556
8 0.97998046875 0.9351111111111111 0.02392578125 0.057729166666666665
4 0.5126953125 0.2942708333333333 0.041015625 0.16493055555555555
4 0.83056640625 0.4774305555555556 0.0732421875 0.1597222222222222
4 0.85205078125 0.5972222222222222 0.1142578125 0.2534722222222222
4 0.49169921875 0.1171875 0.0263671875 0.11631944444444445