3 0.58251953125 0.5058611111111111 0.01806640625 0.01172222222222222
6 0.57922265625 0.39344444444444443 0.015871093750000002 0.0316875
6 0.48706250000000006 0.11197916666666667 0.00927734375 0.019097222222222224
3 0.490234375 0.17318055555555556 0.00927734375 0.005208333333333333
3 0.38818359375 0.1519097222222222 0.01953125 0.010416666666666666
8 0.64599609375 0.23914583333333334 0.009765625 0.018229166666666668
3 0.6516132812500001 0.3027361111111111 0.01025390625 0.013458333333333333
5 0.38671875 0.11371527777777778 0.0703125 0.11979166666666667
4 0.490234375 0.1545138888888889 0.033203125 0.13541666666666666
4 0.6494140625 0.3029513888888889 0.04296875 0.171875
4 0.57373046875 0.4869791666666667 0.0595703125 0.234375