3 0.57861328125 0.5891944444444445 0.03662109375 0.013458333333333333
3 0.48779296875 0.15950694444444444 0.0107421875 0.005645833333333334
6 0.48644921874999997 0.10611805555555556 0.010011718749999999 0.018666666666666665
3 0.38403125 0.13759027777777777 0.0185546875 0.0078125
3 0.392578125 0.034069444444444444 0.0146484375 0.007381944444444445
3 0.53015234375 0.08506944444444445 0.00708203125 0.006944444444444444
10 0.5308828125 0.44422916666666673 0.02661328125 0.0395
6 0.5266132812500001 0.030819444444444448 0.00830078125 0.015625
5 0.38671875 0.09809027777777778 0.05859375 0.11284722222222222
5 0.55322265625 0.4878472222222222 0.1650390625 0.2986111111111111
4 0.4873046875 0.1423611111111111 0.02734375 0.1076388888888889
4 0.52734375 0.06510416666666667 0.0234375 0.0920138888888889