8 0.689453125 0.7986111111111112 0.02473828125 0.05555555555555555
8 0.68033984375 0.7627291666666666 0.02734375 0.05324305555555556
8 0.71354296875 0.5648125 0.02864453125 0.05092361111111111
8 0.69205859375 0.5416666666666666 0.02213671875 0.04629861111111111
8 0.33203125 0.2557847222222222 0.0234375 0.04861111111111111
3 0.498046875 0.5104166666666666 0.04296875 0.03009027777777778
10 0.49934765625 0.3900486111111111 0.02734375 0.08102083333333333
10 0.45703125 0.37731250000000005 0.03125 0.07870138888888889
8 0.46811718750000003 0.12900694444444444 0.01490234375 0.025340277777777778
4 0.677734375 0.8622708333333334 0.09765625 0.2754652777777778
4 0.70637890625 0.6620347222222223 0.09244921874999999 0.3148125
4 0.32551953125 0.3067152777777778 0.0546875 0.19675694444444444
5 0.47265625 0.4340277777777778 0.14583203125 0.2615763888888889
5 0.44075390625 0.09606250000000001 0.06901171874999999 0.11342361111111111