3 0.5720195312499999 0.5491875 0.032390625 0.013312500000000001
8 0.8748359375 0.5059305555555556 0.015300781250000001 0.036166666666666666
3 0.9034023437500001 0.6362847222222222 0.015460937499999999 0.007520833333333333
6 0.5174140625 0.16536805555555556 0.011066406249999999 0.026333333333333334
3 0.5207499999999999 0.22135416666666666 0.014812500000000001 0.005208333333333333
6 0.5415859375000001 0.25072222222222224 0.013835937500000001 0.024013888888888887
6 0.41552734375 0.0491875 0.0068359375 0.01678472222222222
6 0.447265625 0.07161111111111111 0.0078125 0.017069444444444443
3 0.41333203125000006 0.10011805555555554 0.0060234375 0.004631944444444445
3 0.45068359375 0.1239861111111111 0.010417968750000001 0.004340277777777778
4 0.8720703125 0.6085069444444444 0.095703125 0.2621527777777778
4 0.51904296875 0.2126736111111111 0.0322265625 0.13020833333333334
4 0.44970703125 0.11024305555555555 0.0244140625 0.11631944444444445
5 0.546875 0.4409722222222222 0.162109375 0.3125