8 0.57734375 0.38680555555555557 0.0140625 0.02638888888888889
8 0.563671875 0.3877291666666667 0.01119921875 0.03379861111111111
3 0.59075390625 0.502548611111111 0.01953125 0.006944444444444444
8 0.66315234375 0.36296527777777776 0.01380078125 0.02314583333333333
8 0.65598828125 0.3388888888888889 0.01145703125 0.022222222222222223
3 0.68359375 0.45555555555555555 0.017707031249999998 0.007409722222222222
3 0.51979296875 0.21411805555555555 0.009375 0.006944444444444444
3 0.46315234375000003 0.25555555555555554 0.01223828125 0.008333333333333333
6 0.460546875 0.1851875 0.01328125 0.02314583333333333
8 0.52408984375 0.1553263888888889 0.00703125 0.016201388888888887
4 0.4599609375 0.2439236111111111 0.0390625 0.1545138888888889
4 0.5234375 0.20225694444444445 0.037109375 0.14756944444444445
4 0.576171875 0.4800347222222222 0.064453125 0.24131944444444445
4 0.6689453125 0.4331597222222222 0.0703125 0.22743055555555555