3 0.68835546875 0.8691388888888889 0.047121093749999995 0.018666666666666665
6 0.6275625 0.3819444444444444 0.017824218750000002 0.03298611111111111
8 0.724 0.37283333333333335 0.012453124999999999 0.029513888888888888
3 0.74499609375 0.45594444444444443 0.017824218750000002 0.007381944444444445
8 0.8308125000000001 0.4066875 0.01123046875 0.026909722222222224
3 0.85168359375 0.48502777777777784 0.0134296875 0.0160625
8 0.5413828125 0.2065972222222222 0.009035156249999999 0.0234375
3 0.54601953125 0.2838541666666667 0.0134296875 0.005208333333333333
3 0.42126562500000003 0.2035625 0.020265625000000002 0.008680555555555556
3 0.38830468749999997 0.08138194444444444 0.016847656250000002 0.00825
4 0.54345703125 0.2682291666666667 0.0361328125 0.16145833333333334
4 0.62060546875 0.4418402777777778 0.0673828125 0.16493055555555555
4 0.724609375 0.4583333333333333 0.072265625 0.2152777777777778
4 0.8291015625 0.4869791666666667 0.07421875 0.21006944444444445
5 0.6416015625 0.7118055555555556 0.232421875 0.40625
5 0.4169921875 0.15538194444444445 0.068359375 0.13020833333333334
5 0.38720703125 0.049479166666666664 0.0537109375 0.08506944444444445