3 0.5701484375 0.521125 0.01920703125 0.008680555555555556
3 0.4384765625 0.4157986111111111 0.03125 0.014465277777777777
6 0.56559375 0.4013333333333333 0.01594921875 0.036458333333333336
8 0.56721875 0.37268749999999995 0.0126953125 0.021993055555555557
8 0.5146484375 0.21006944444444445 0.011066406249999999 0.025465277777777778
3 0.51871875 0.2945625 0.0146484375 0.008104166666666666
5 0.4326171875 0.3506944444444444 0.115234375 0.22569444444444445
5 0.08251953125 0.2404513888888889 0.1123046875 0.16145833333333334
4 0.517578125 0.2760416666666667 0.0390625 0.1736111111111111
4 0.56689453125 0.4835069444444444 0.0576171875 0.265625
4 0.705078125 0.3888888888888889 0.05859375 0.1840277777777778