5 0.780265625 0.7786527777777777 0.2657421875 0.38045833333333334
4 0.456640625 0.8825972222222223 0.0924453125 0.23185416666666667
4 0.40731640625 0.3207847222222222 0.063546875 0.1714375
4 0.40356640625000006 0.179125 0.036578125 0.13035416666666666
4 0.47237890625 0.17306944444444444 0.032382812500000004 0.14049305555555555
8 0.41162890625 0.24859027777777779 0.01933984375 0.027041666666666665
8 0.4020390625 0.1331388888888889 0.01405859375 0.028493055555555556
6 0.4741171875 0.12671527777777777 0.0122265625 0.035409722222222224
4 0.48600000000000004 0.14290972222222223 0.03182421875 0.12960416666666666
6 0.48447265625 0.09148611111111112 0.014863281249999999 0.026750000000000003
6 0.451109375 0.8015208333333333 0.03155859375 0.060145833333333336