6 0.418359375 0.3442152777777778 0.01640625 0.034722222222222224
3 0.4203125 0.45 0.0203125 0.007409722222222222
8 0.55598828125 0.2592569444444444 0.0109375 0.02314583333333333
8 0.54557421875 0.25995138888888886 0.0078125 0.018979166666666665
8 0.55637890625 0.2847222222222222 0.00963671875 0.017590277777777778
8 0.47669140624999995 0.1650486111111111 0.009113281249999999 0.020833333333333332
3 0.478125 0.23865972222222223 0.0125 0.006944444444444444
6 0.88463671875 0.5307847222222223 0.025519531249999998 0.0375
3 0.91510546875 0.6648125 0.01823046875 0.006479166666666667
4 0.42041015625 0.4305555555555556 0.0537109375 0.22569444444444445
4 0.47802734375 0.2204861111111111 0.0361328125 0.1527777777777778
4 0.5546875 0.3307291666666667 0.052734375 0.1892361111111111
4 0.8818359375 0.6371527777777778 0.099609375 0.2708333333333333