8 0.540484375 0.12184027777777777 0.00816796875 0.0189375
8 0.7231015625 0.3701041666666667 0.012605468750000001 0.03125
3 0.743875 0.4559652777777778 0.0182890625 0.007256944444444444
8 0.83611328125 0.4165069444444444 0.013496093749999999 0.028722222222222222
3 0.8512968750000001 0.484375 0.013671875 0.01609722222222222
8 0.95517578125 0.5840277777777778 0.0173828125 0.034027777777777775
8 0.9265625 0.5859375 0.0140625 0.02673611111111111
4 0.5400390625 0.16927083333333334 0.037109375 0.13020833333333334
4 0.72216796875 0.4470486111111111 0.0654296875 0.2065972222222222
4 0.83056640625 0.4991319444444444 0.0732421875 0.19270833333333334
4 0.92333984375 0.6840277777777778 0.1533203125 0.2534722222222222