3 0.31082421875 0.3809513888888889 0.01339453125 0.005951388888888889
8 0.3125703125 0.281625 0.01046484375 0.022569444444444444
6 0.86376953125 0.5831805555555556 0.02134375 0.049798611111111106
3 0.890625 0.7209791666666667 0.01534765625 0.008430555555555556
3 0.40834374999999995 0.15513194444444445 0.0145078125 0.009173611111111112
8 0.53836328125 0.10465972222222222 0.0066953125 0.018847222222222224
3 0.53543359375 0.1657986111111111 0.01144140625 0.0037222222222222223
4 0.3203125 0.3585069444444444 0.05078125 0.21006944444444445
4 0.86279296875 0.6961805555555556 0.0849609375 0.2881944444444444
4 0.537109375 0.1484375 0.03125 0.13020833333333334
5 0.4091796875 0.12152777777777778 0.05859375 0.125