8 0.52219921875 0.34849305555555554 0.01028515625 0.025694444444444443
3 0.52233203125 0.4488402777777778 0.01862109375 0.007409722222222222
3 0.523046875 0.30509027777777775 0.014582031249999999 0.006020833333333333
8 0.519140625 0.22442361111111112 0.009113281249999999 0.01921527777777778
8 0.5170585937500001 0.20833333333333334 0.008855468750000001 0.0125
8 0.4884765625 0.14560416666666665 0.00768359375 0.0148125
8 0.4861328125 0.16701388888888888 0.007421875 0.017361111111111112
3 0.40032421874999996 0.07140972222222222 0.014972656249999999 0.0067152777777777775
8 0.91259765625 0.5815972222222222 0.0244140625 0.03819444444444445
5 0.3984375 0.04861111111111111 0.068359375 0.09722222222222222
4 0.4873046875 0.2013888888888889 0.037109375 0.1423611111111111
4 0.52099609375 0.2734375 0.0458984375 0.15104166666666666
4 0.52099609375 0.4288194444444444 0.0556640625 0.2222222222222222
4 0.89599609375 0.6840277777777778 0.1279296875 0.2604166666666667