3 0.416015625 0.21050694444444445 0.013671875 0.006076388888888889
3 0.47973828125000006 0.2348125 0.0126953125 0.006944444444444444
3 0.46044921875 0.2973125 0.009765625 0.011284722222222222
6 0.46337890625 0.21484722222222222 0.0107421875 0.025173611111111112
8 0.47925000000000006 0.16536805555555556 0.0087890625 0.019097222222222224
8 0.41711328124999997 0.14040972222222223 0.009523437499999999 0.02213888888888889
8 0.6005859375 0.2404513888888889 0.0087890625 0.019965277777777776
8 0.4541015625 0.21224305555555556 0.00634765625 0.0234375
3 0.5986328125 0.33825 0.01123046875 0.012444444444444445
8 0.3044453125 0.42578472222222224 0.01416015625 0.025173611111111112
8 0.30066015625000003 0.45638194444444447 0.01391796875 0.03429166666666667
3 0.29675390625000003 0.5796458333333334 0.023195312500000002 0.009118055555555556
3 0.8099375 0.59375 0.017335937500000002 0.006944444444444444
3 0.72937109375 0.9092916666666667 0.042722656250000005 0.018229166666666668
5 0.66552734375 0.7734375 0.2529296875 0.4045138888888889
4 0.30078125 0.5503472222222222 0.064453125 0.2708333333333333
4 0.4140625 0.19270833333333334 0.0390625 0.1527777777777778
4 0.45751953125 0.2786458333333333 0.0419921875 0.171875
4 0.60107421875 0.3090277777777778 0.0400390625 0.1701388888888889