3 0.60325390625 0.4324097222222222 0.01901171875 0.012034722222222221
6 0.5990898437500001 0.3298611111111111 0.01640625 0.031020833333333334
3 0.59166796875 0.2965277777777778 0.0109375 0.010645833333333334
8 0.5923164062499999 0.20995138888888887 0.00859375 0.018979166666666665
6 0.58385546875 0.20625 0.0067695312499999995 0.017131944444444446
3 0.46862109375000005 0.16435416666666666 0.010675781249999999 0.005555555555555556
8 0.46889062499999995 0.10714583333333333 0.007535156249999999 0.016368055555555556
8 0.46616796875000005 0.09263194444444443 0.007113281250000001 0.012152777777777778
6 0.37804296875 0.05698611111111111 0.0086171875 0.02001388888888889
8 0.36644140625 0.11918055555555555 0.00838671875 0.018180555555555554
3 0.365921875 0.17115972222222223 0.009421875 0.004493055555555556
3 0.37775781249999996 0.094875 0.0073515625000000005 0.0026527777777777778
4 0.595703125 0.4105902777777778 0.06640625 0.21354166666666666
4 0.587890625 0.2673611111111111 0.041015625 0.14583333333333334
4 0.46923828125 0.15104166666666666 0.0341796875 0.1423611111111111