10 0.44420703125000005 0.6881180555555555 0.0649765625 0.10215277777777777
11 0.44199609375 0.6878819444444444 0.042324218749999996 0.06927777777777779
6 0.523890625 0.3003194444444444 0.026425781250000002 0.044159722222222225
8 0.49459765625 0.3598194444444444 0.0225234375 0.04741666666666667
6 0.91422265625 0.4950277777777778 0.0206328125 0.04004861111111111
3 0.4873046875 0.9142986111111111 0.0600234375 0.03138194444444444
5 0.47200390625 0.7604166666666666 0.19140625 0.4236111111111111
4 0.494140625 0.44560416666666663 0.05338671874999999 0.2106458333333333
4 0.52018359375 0.36689583333333337 0.04296875 0.17824305555555556
4 0.900390625 0.5949097222222222 0.10286328125 0.24536805555555555
4 0.748046875 0.3935208333333333 0.05598828125000001 0.16666666666666666
5 0.38411328125 0.08102083333333333 0.05989453125000001 0.11574305555555554