8 0.415296875 0.33443055555555556 0.012746093750000001 0.02997222222222222
8 0.5293984375 0.3157916666666667 0.01151171875 0.0263125
3 0.5359804687499999 0.41574999999999995 0.01315625 0.006215277777777777
3 0.41560546875000004 0.44279861111111113 0.01953125 0.007673611111111112
3 0.6015625 0.2744861111111111 0.01028125 0.01023611111111111
8 0.598890625 0.22021527777777777 0.009457031250000001 0.020833333333333332
8 0.7236328125 0.36954166666666666 0.0128359375 0.02728472222222222
3 0.7449765625 0.4564722222222223 0.01897265625 0.006694444444444445
8 0.8369140625 0.41604861111111113 0.01394921875 0.024055555555555556
3 0.851421875 0.4851180555555556 0.01144140625 0.013888888888888888
4 0.41796875 0.4236111111111111 0.048828125 0.21875
4 0.53125 0.4010416666666667 0.05078125 0.21180555555555555
4 0.59765625 0.2751736111111111 0.041015625 0.1545138888888889
4 0.72412109375 0.4626736111111111 0.0732421875 0.2170138888888889
4 0.82958984375 0.4973958333333333 0.0732421875 0.1996527777777778
5 0.4169921875 0.05381944444444445 0.060546875 0.09722222222222222