8 0.8369140625 0.4168263888888889 0.014027343749999999 0.028722222222222222
3 0.8508515624999999 0.4850069444444444 0.013496093749999999 0.017361111111111112
3 0.74423046875 0.4558055555555556 0.017933593749999997 0.006944444444444444
8 0.722125 0.37199999999999994 0.01171875 0.03314583333333333
8 0.45667578124999997 0.09959027777777778 0.0071015625 0.019256944444444445
8 0.551046875 0.16366666666666668 0.00941015625 0.017993055555555557
3 0.54723046875 0.25284027777777773 0.00887890625 0.010104166666666668
4 0.45703125 0.14930555555555555 0.02734375 0.1284722222222222
4 0.546875 0.2144097222222222 0.03515625 0.13020833333333334
4 0.72509765625 0.4618055555555556 0.0693359375 0.2152777777777778
4 0.82861328125 0.4930555555555556 0.0751953125 0.2048611111111111