8 0.712078125 0.6177638888888889 0.01725390625 0.043402777777777776
3 0.72265625 0.7737291666666667 0.02604296875 0.012729166666666665
6 0.6241875 0.2728611111111111 0.0146484375 0.03182638888888889
3 0.6326484375 0.3689236111111111 0.015300781250000001 0.006368055555555556
8 0.52276953125 0.0931736111111111 0.00712890625 0.018520833333333334
3 0.52535546875 0.15248611111111113 0.013019531249999999 0.005208333333333333
8 0.48502734375 0.04716666666666667 0.007160156249999999 0.01678472222222222
3 0.48893359375 0.09924999999999999 0.008464843750000001 0.004048611111111111
4 0.62744140625 0.3480902777777778 0.0498046875 0.1996527777777778
4 0.7138671875 0.7421875 0.076171875 0.3107638888888889
4 0.5244140625 0.1388888888888889 0.03125 0.13194444444444445
4 0.486328125 0.08680555555555555 0.025390625 0.10416666666666667