3 0.41871875000000003 0.8416111111111112 0.02253515625 0.012284722222222223
6 0.41241015625 0.6533125 0.02193359375 0.045937500000000006
3 0.412109375 0.2492013888888889 0.014722656249999999 0.005875000000000001
6 0.41331249999999997 0.18616666666666665 0.014121093749999999 0.029381944444444447
6 0.51397265625 0.07692361111111111 0.010515625 0.018159722222222223
3 0.51607421875 0.13087500000000002 0.01171875 0.005340277777777778
3 0.8638828125 0.6324791666666667 0.016828125 0.008548611111111111
8 0.84224609375 0.5307152777777778 0.015625 0.03686111111111111
4 0.41357421875 0.25 0.0419921875 0.1736111111111111
4 0.83251953125 0.6336805555555556 0.1083984375 0.2638888888888889
4 0.4169921875 0.7960069444444444 0.080078125 0.3767361111111111