6 0.52957421875 0.1918402777777778 0.0125546875 0.021576388888888888
3 0.52957421875 0.2574375 0.0108828125 0.008930555555555554
8 0.54296875 0.16480555555555554 0.0078125 0.01959027777777778
3 0.54645703125 0.21949305555555554 0.01032421875 0.004465277777777777
8 0.72105078125 0.3715277777777778 0.01241796875 0.03273611111111111
3 0.74469921875 0.45523611111111106 0.01813671875 0.007194444444444444
3 0.851703125 0.4845 0.01144140625 0.014138888888888888
8 0.835796875 0.41704166666666664 0.01199609375 0.02207638888888889
4 0.52978515625 0.2595486111111111 0.0400390625 0.1579861111111111
4 0.72509765625 0.4583333333333333 0.0712890625 0.2222222222222222
4 0.83154296875 0.4973958333333333 0.0712890625 0.1996527777777778