3 0.48486328125 0.7201388888888889 0.0263671875 0.011111111111111112
8 0.4826171875 0.5652777777777778 0.016796875 0.04652777777777778
3 0.59208984375 0.44930555555555557 0.0107421875 0.011111111111111112
8 0.591015625 0.3628472222222222 0.012109375 0.024305555555555556
6 0.54560546875 0.06128472222222222 0.0083984375 0.017013888888888887
3 0.54482421875 0.11336805555555556 0.0103515625 0.005208333333333333
8 0.405078125 0.05798611111111111 0.00546875 0.011805555555555555
8 0.4419921875 0.03107638888888889 0.00546875 0.012152777777777778
4 0.59375 0.4513888888888889 0.052734375 0.22916666666666666
4 0.482421875 0.6848958333333334 0.064453125 0.3038194444444444
4 0.4013671875 0.09722222222222222 0.03125 0.10416666666666667