3 0.36796875 0.9388888888888889 0.05546875 0.020833333333333332
6 0.349609375 0.265625 0.01328125 0.03263888888888889
8 0.5677734375 0.2652777777777778 0.013671875 0.02361111111111111
3 0.3466796875 0.35659722222222223 0.008984375 0.009027777777777777
3 0.3853515625 0.2604166666666667 0.011328125 0.011111111111111112
3 0.5669921875 0.3392361111111111 0.010546875 0.00625
3 0.39216015625 0.17708333333333334 0.0184140625 0.009423611111111112
5 0.3642578125 0.7621527777777778 0.20703125 0.4444444444444444
5 0.392578125 0.13368055555555555 0.083984375 0.13194444444444445
4 0.38818359375 0.2612847222222222 0.0400390625 0.14756944444444445
4 0.349609375 0.3350694444444444 0.048828125 0.1909722222222222
4 0.56298828125 0.3194444444444444 0.0439453125 0.1527777777777778
4 0.72216796875 0.4539930555555556 0.0615234375 0.21354166666666666