3 0.43638281250000005 0.9404791666666666 0.05022265625 0.016868055555555556
10 0.40736718749999995 0.7125486111111111 0.051898437500000005 0.06795833333333333
3 0.3621640625 0.36259722222222224 0.026785156249999997 0.014881944444444444
3 0.52971484375 0.28323611111111113 0.01199609375 0.006944444444444444
3 0.46177343750000005 0.1686527777777778 0.01227734375 0.006944444444444444
8 0.52692578125 0.20833333333333334 0.00920703125 0.022819444444444444
8 0.5186953125 0.203375 0.00837109375 0.016868055555555556
6 0.46010156249999995 0.10962500000000001 0.01116015625 0.022819444444444444
3 0.39397265625 0.07936805555555557 0.0145078125 0.0079375
4 0.525390625 0.2682291666666667 0.041015625 0.1684027777777778
4 0.46044921875 0.15625 0.0361328125 0.13194444444444445
5 0.3662109375 0.2934027777777778 0.103515625 0.2013888888888889
5 0.39599609375 0.059895833333333336 0.0537109375 0.08506944444444445
5 0.43408203125 0.7803819444444444 0.2041015625 0.4288194444444444