9 0.35807421875 0.42824305555555553 0.0390625 0.09259027777777779
3 0.392578125 0.5763888888888888 0.04557421875 0.03240972222222222
6 0.61328125 0.4340277777777778 0.02604296875 0.057868055555555555
6 0.45768359375 0.1712986111111111 0.02213671875 0.04629861111111111
8 0.72591015625 0.37731250000000005 0.02734375 0.05555555555555555
8 0.8515625 0.5104166666666666 0.02083203125 0.04861111111111111
4 0.45768359375 0.2152777777777778 0.04557421875 0.1527777777777778
4 0.61002734375 0.5370347222222223 0.05598828125000001 0.24074305555555556
4 0.86002734375 0.6053263888888889 0.07421875 0.24305555555555555
5 0.38801953125 0.4722222222222222 0.15625 0.3148125
5 0.39518359375 0.0625 0.06901171874999999 0.125