8 0.890265625 0.730013888888889 0.03521875 0.07022222222222223
6 0.91604296875 0.49780555555555556 0.029484375 0.064125
3 0.36465625 0.4320555555555555 0.03869140625 0.04373611111111111
3 0.51503515625 0.3329652777777778 0.03996875 0.030743055555555558
6 0.532484375 0.1609513888888889 0.017570312499999997 0.05245138888888889
4 0.88216015625 0.8368055555555556 0.12630078125 0.3125
4 0.529296875 0.19444444444444445 0.04557421875 0.11574305555555554
5 0.36653515625 0.3587986111111111 0.11328125 0.2268541666666667
5 0.50260546875 0.2847222222222222 0.09114453125000001 0.1851875
8 0.86783984375 0.71875 0.02473828125 0.07175694444444444
4 0.89908984375 0.5648125 0.11328125 0.19444444444444445