3 0.481 0.6199513888888889 0.039773437499999995 0.011993055555555555
6 0.5759960937499999 0.3238611111111111 0.013140625 0.02651388888888889
3 0.5851367187500001 0.4225069444444444 0.019 0.006631944444444445
6 0.9128203125000001 0.4966875 0.0202421875 0.035034722222222224
3 0.9365234375 0.6448888888888888 0.01509375 0.015152777777777777
8 0.9838437499999999 0.6242083333333334 0.0188203125 0.034409722222222223
3 0.376953125 0.2980763888888889 0.026140625 0.011750000000000002
5 0.376953125 0.24305555555555555 0.099609375 0.1875
5 0.46337890625 0.5217013888888888 0.1650390625 0.2829861111111111
4 0.57958984375 0.4019097222222222 0.0498046875 0.2065972222222222
4 0.8994140625 0.59375 0.10546875 0.2326388888888889
4 0.95849609375 0.7413194444444444 0.0830078125 0.2881944444444444