3 0.361328125 0.7103194444444445 0.02734375 0.00992361111111111
6 0.36007421875 0.5562986111111111 0.0226015625 0.04513888888888889
8 0.38211328125 0.1031736111111111 0.009765625 0.018847222222222224
8 0.56989453125 0.2152777777777778 0.0086484375 0.022819444444444444
3 0.57073046875 0.29141666666666666 0.01311328125 0.008430555555555556
3 0.38113671875 0.14657638888888888 0.00837109375 0.010416666666666666
3 0.4794921875 0.2859652777777778 0.0265078125 0.012402777777777778
4 0.365234375 0.6788194444444444 0.083984375 0.3055555555555556
5 0.474609375 0.2387152777777778 0.099609375 0.171875
5 0.69189453125 0.5234375 0.2236328125 0.3385416666666667
5 0.876953125 0.859375 0.24609375 0.28125
4 0.56787109375 0.2760416666666667 0.0341796875 0.1701388888888889
4 0.38232421875 0.1449652777777778 0.0302734375 0.1232638888888889