10 0.34730859375 0.22842361111111112 0.0244140625 0.04018055555555555
3 0.3641171875 0.35268055555555555 0.027902343750000003 0.012895833333333334
7 0.5343203125 0.2847222222222222 0.0106015625 0.0233125
8 0.54541015625 0.29935416666666664 0.00990625 0.021326388888888888
3 0.54952734375 0.39174305555555555 0.0145078125 0.008187499999999999
3 0.48228125000000005 0.2074652777777778 0.009765625 0.009173611111111112
8 0.48046875 0.15315277777777778 0.0086484375 0.015625
6 0.91536328125 0.49656249999999996 0.0244140625 0.043340277777777776
6 0.8829765625 0.768375 0.02669140625 0.05584722222222222
3 0.914875 0.9493611111111111 0.02473828125 0.012152777777777778
5 0.36376953125 0.2708333333333333 0.1064453125 0.2152777777777778
4 0.48095703125 0.2065972222222222 0.0361328125 0.1388888888888889
4 0.53955078125 0.3671875 0.0537109375 0.203125
4 0.875 0.8645833333333334 0.12890625 0.2708333333333333
5 0.14404296875 0.18229166666666666 0.1064453125 0.14583333333333334