6 0.9133281249999999 0.49623611111111116 0.022296875 0.034145833333333334
3 0.9366875 0.6446736111111111 0.015625 0.015048611111111112
8 0.6900234375000001 0.39366666666666666 0.0157890625 0.028645833333333332
8 0.6387539062500001 0.25 0.00927734375 0.02372916666666667
3 0.64518359375 0.33405555555555555 0.013019531249999999 0.007236111111111111
6 0.5233554687499999 0.1956041666666667 0.01220703125 0.022569444444444444
3 0.5262851562499999 0.2560763888888889 0.01416015625 0.005784722222222222
4 0.52294921875 0.25 0.0419921875 0.1527777777777778
4 0.642578125 0.3194444444444444 0.041015625 0.18055555555555555
4 0.68896484375 0.4852430555555556 0.0673828125 0.22743055555555555
4 0.8994140625 0.5928819444444444 0.09765625 0.24479166666666666
4 0.4765625 0.07291666666666667 0.0234375 0.1076388888888889