6 0.48312109375 0.6187986111111111 0.02399609375 0.043152777777777776
3 0.48667578125000005 0.7836041666666668 0.0263671875 0.011659722222222222
6 0.5314609375 0.25731944444444443 0.01325390625 0.0235625
3 0.534109375 0.33308333333333334 0.009625 0.009423611111111112
6 0.660015625 0.5566736111111111 0.02176171875 0.033479166666666664
3 0.66469140625 0.6846458333333333 0.01771875 0.016118055555555556
3 0.39899609375 0.13219444444444445 0.0186953125 0.0074375000000000005
4 0.48486328125 0.75 0.0771484375 0.3298611111111111
4 0.658203125 0.6779513888888888 0.080078125 0.296875
4 0.5322265625 0.3151041666666667 0.037109375 0.16145833333333334
5 0.3994140625 0.0954861111111111 0.0625 0.125