8 0.83567578125 0.41875 0.0140625 0.025465277777777778
8 0.72265625 0.3699097222222222 0.01354296875 0.029631944444444447
3 0.74505078125 0.4548611111111111 0.01823046875 0.007868055555555555
3 0.85078125 0.48425694444444445 0.013019531249999999 0.015743055555555555
3 0.659375 0.4826388888888889 0.014582031249999999 0.014354166666666668
6 0.65143359375 0.3858819444444444 0.02057421875 0.03194444444444444
8 0.60143359375 0.3307847222222222 0.010675781249999999 0.02638888888888889
3 0.60338671875 0.4111111111111111 0.017707031249999998 0.008333333333333333
8 0.49205859375000005 0.18911805555555555 0.009113281249999999 0.019909722222222224
3 0.49518359375000004 0.2650486111111111 0.014324218750000001 0.005090277777777778
4 0.4951171875 0.2534722222222222 0.04296875 0.1597222222222222
4 0.59912109375 0.4131944444444444 0.0478515625 0.2013888888888889
4 0.646484375 0.4826388888888889 0.05859375 0.22916666666666666
4 0.7236328125 0.4583333333333333 0.072265625 0.22916666666666666
4 0.83056640625 0.4947916666666667 0.0810546875 0.1909722222222222