8 0.63151171875 0.5023125 0.02604296875 0.04629861111111111
8 0.7265625 0.37268749999999995 0.02604296875 0.03703472222222222
8 0.83137890625 0.4189791666666667 0.02213671875 0.041666666666666664
8 0.65755078125 0.3622708333333333 0.0234375 0.03935416666666667
8 0.65625 0.3298611111111111 0.02864453125 0.04861111111111111
6 0.60026171875 0.3344930555555556 0.02083203125 0.04861111111111111
6 0.53190234375 0.2129652777777778 0.03515625 0.05555555555555555
4 0.62239453125 0.6030069444444445 0.08073046874999999 0.2476875
4 0.58919140625 0.4074097222222222 0.04817578125 0.2037013888888889
4 0.53190234375 0.2662013888888889 0.04557421875 0.18055555555555555
4 0.65169140625 0.38657638888888884 0.04817578125 0.18055555555555555
4 0.728515625 0.46064583333333337 0.06380078125000001 0.20833333333333334
4 0.82747265625 0.49768749999999995 0.07942578125000001 0.1898125