8 0.98372265625 0.8611111111111112 0.03255078125 0.06944444444444445
8 0.724609375 0.37731250000000005 0.02994921875 0.05092361111111111
8 0.83333203125 0.4212986111111111 0.03385546875 0.05092361111111111
8 0.63216015625 0.2650486111111111 0.02734375 0.03935416666666667
8 0.63541796875 0.2881944444444444 0.02083203125 0.034722222222222224
6 0.47330859375 0.11921527777777777 0.01953125 0.03935416666666667
6 0.55859375 0.2835625 0.02864453125 0.04861111111111111
6 0.642578125 0.4444444444444444 0.03255078125 0.041666666666666664
4 0.64323046875 0.5405069444444445 0.0546875 0.2476875
4 0.73307421875 0.46643749999999995 0.06770703125000001 0.2245347222222222
4 0.83073046875 0.48842361111111116 0.07291796874999999 0.20833333333333334
4 0.63411328125 0.3217569444444444 0.046875 0.16203472222222223
4 0.55989453125 0.3553263888888889 0.04948046875 0.19675694444444444
4 0.47005078125 0.16897916666666668 0.03645703125 0.14352083333333332