3 0.59830859375 0.5081041666666667 0.04296875 0.025465277777777778
8 0.5821757812499999 0.24325 0.01584765625 0.03193055555555555
8 0.44341406250000004 0.13078472222222223 0.014847656249999999 0.02879861111111111
8 0.45117578125 0.1224513888888889 0.0155234375 0.028923611111111112
6 0.41709375 0.07391666666666666 0.012148437500000001 0.020395833333333335
5 0.560546875 0.42939583333333337 0.16276171875 0.2662013888888889
5 0.822265625 0.8865763888888889 0.31901171875 0.2268541666666667
4 0.58203125 0.2824097222222222 0.04948046875 0.12963194444444442
4 0.41341015625 0.11574305555555554 0.03776171875 0.12963194444444442
4 0.4453125 0.17708333333333334 0.046875 0.14583333333333334
5 0.265625 0.9108819444444445 0.17448046875 0.17824305555555556