8 0.48090234374999996 0.15084722222222222 0.0108515625 0.020833333333333332
3 0.48155468749999997 0.22299305555555557 0.012152343749999999 0.005402777777777778
8 0.56401953125 0.10127083333333334 0.0069453125 0.017361111111111112
3 0.5666249999999999 0.14313194444444446 0.0078125 0.006944444444444444
3 0.5145390625 0.11188194444444445 0.00737890625 0.0077152777777777775
6 0.5185546875 0.05748611111111111 0.00803125 0.015430555555555555
3 0.74425 0.8215694444444444 0.027125 0.015048611111111112
9 0.67230859375 0.6373472222222222 0.026476562500000002 0.0663611111111111
8 0.7238046875 0.3731597222222222 0.012867187499999998 0.03227083333333333
3 0.7444843750000001 0.45608333333333334 0.01884375 0.007763888888888889
8 0.8357070312499999 0.41727777777777775 0.01378515625 0.02736805555555555
3 0.8513320312499999 0.4844791666666666 0.01240625 0.01634027777777778
4 0.478515625 0.203125 0.037109375 0.14930555555555555
4 0.564453125 0.13802083333333334 0.025390625 0.11284722222222222
4 0.5146484375 0.09288194444444445 0.02734375 0.10590277777777778
4 0.728515625 0.4557291666666667 0.068359375 0.2170138888888889
4 0.82958984375 0.4939236111111111 0.0771484375 0.1996527777777778
4 0.6884765625 0.6840277777777778 0.22265625 0.3854166666666667