6 0.9140625 0.4840277777777778 0.02109375 0.034722222222222224
3 0.9365234375 0.6397569444444444 0.013671875 0.015625
3 0.53671875 0.24288194444444444 0.010546875 0.012152777777777778
8 0.53271484375 0.18506944444444445 0.0107421875 0.018055555555555554
3 0.5630859375 0.16284722222222223 0.009375 0.007638888888888889
8 0.56123046875 0.11510416666666666 0.0072265625 0.016319444444444445
4 0.08251953125 0.22135416666666666 0.0341796875 0.13020833333333334
4 0.53271484375 0.2439236111111111 0.0322265625 0.14756944444444445
4 0.56396484375 0.1605902777777778 0.0283203125 0.13368055555555555
4 0.4453125 0.0685763888888889 0.025390625 0.08854166666666667
4 0.9072265625 0.5876736111111112 0.087890625 0.2517361111111111