8 0.5537109375 0.4852430555555556 0.01708984375 0.036458333333333336
3 0.33874609375000003 0.7621527777777778 0.037355468749999995 0.019097222222222224
10 0.3142109375 0.5342916666666666 0.037109375 0.059895833333333336
3 0.36682031249999997 0.06554166666666666 0.016359375000000002 0.008680555555555556
3 0.41479687500000006 0.16297916666666667 0.01904296875 0.009986111111111112
3 0.49792578125000003 0.3135833333333333 0.023683593750000002 0.009118055555555556
6 0.6949453125 0.39040972222222226 0.0153828125 0.03429166666666667
6 0.68884375 0.42729861111111106 0.016847656250000002 0.03602777777777778
3 0.7054453125 0.5549027777777777 0.019289062500000002 0.00825
8 0.84680078125 0.8196597222222222 0.018312500000000002 0.049048611111111105
8 0.8288593750000001 0.7758263888888889 0.02099609375 0.042972222222222224
3 0.95593359375 0.8066388888888889 0.019289062500000002 0.009986111111111112
8 0.926390625 0.6464861111111111 0.019289062500000002 0.04210416666666667
8 0.90905859375 0.6278194444444444 0.01489453125 0.03776388888888889
5 0.34375 0.5972222222222222 0.18359375 0.40625
5 0.4921875 0.2586805555555556 0.08984375 0.17708333333333334
5 0.412109375 0.12760416666666666 0.07421875 0.1232638888888889
4 0.5537109375 0.5980902777777778 0.072265625 0.265625
4 0.69091796875 0.5277777777777778 0.0673828125 0.25
4 0.9091796875 0.7664930555555556 0.130859375 0.3315972222222222
4 0.83984375 0.8706597222222222 0.123046875 0.2586805555555556