8 0.5692578125 0.2940277777777778 0.011191406249999999 0.021562500000000002
8 0.62051171875 0.2927222222222222 0.0102421875 0.024590277777777777
3 0.5716328125000001 0.40324999999999994 0.012984375000000001 0.014451388888888889
8 0.721546875 0.37199999999999994 0.0115078125 0.03378472222222222
3 0.74398046875 0.4561736111111111 0.017949218750000002 0.007694444444444445
8 0.836359375 0.41744444444444445 0.01308984375 0.026326388888888885
3 0.8516171874999999 0.4852222222222222 0.0123515625 0.01538888888888889
4 0.56396484375 0.3680555555555556 0.0400390625 0.1840277777777778
4 0.62060546875 0.359375 0.0439453125 0.17708333333333334
4 0.7236328125 0.4600694444444444 0.07421875 0.22569444444444445
4 0.83349609375 0.4947916666666667 0.0634765625 0.19791666666666666