8 0.5344375 0.19572222222222221 0.010074218749999999 0.02229861111111111
8 0.47008593750000005 0.1591736111111111 0.00925 0.021562500000000002
6 0.44788281249999995 0.10946527777777777 0.01089453125 0.020833333333333332
3 0.450453125 0.1767152777777778 0.01069140625 0.005479166666666666
3 0.471421875 0.21655555555555553 0.01315625 0.006215277777777777
3 0.53618359375 0.2710138888888889 0.0135703125 0.006215277777777777
3 0.37273828125 0.22441666666666668 0.01726953125 0.0073124999999999996
3 0.3866171875 0.08443055555555555 0.016242187499999998 0.006576388888888889
5 0.37451171875 0.18489583333333334 0.0732421875 0.1440972222222222
5 0.38623046875 0.059027777777777776 0.0537109375 0.09375
4 0.4482421875 0.15104166666666666 0.025390625 0.11458333333333333
4 0.4716796875 0.2170138888888889 0.03515625 0.14930555555555555
4 0.53466796875 0.2543402777777778 0.0361328125 0.16145833333333334