3 0.38103515625 0.08017361111111111 0.01775390625 0.010104166666666668
3 0.47034765624999997 0.43718749999999995 0.01953125 0.01704861111111111
3 0.6882109375 0.4106666666666667 0.0163359375 0.008208333333333333
8 0.59801171875 0.3011388888888889 0.014203125 0.029041666666666667
8 0.6789765625 0.3178680555555556 0.014203125 0.028409722222222218
3 0.49041015625 0.2790416666666667 0.01136328125 0.007576388888888889
4 0.599609375 0.3741319444444444 0.041015625 0.19618055555555555
4 0.681640625 0.3932291666666667 0.052734375 0.1996527777777778
5 0.4599609375 0.3671875 0.12109375 0.2204861111111111
5 0.4814453125 0.21354166666666666 0.095703125 0.1909722222222222
5 0.3798828125 0.058159722222222224 0.060546875 0.0954861111111111