8 0.3513984375 0.13541666666666666 0.009441406250000001 0.01967361111111111
3 0.3505859375 0.20428472222222224 0.011066406249999999 0.005784722222222222
3 0.4412421875 0.2719930555555556 0.015300781250000001 0.006944444444444444
8 0.44010546875 0.19820833333333335 0.011066406249999999 0.021409722222222222
3 0.705078125 0.8180000000000001 0.04036328125 0.0179375
3 0.82682421875 0.6522013888888889 0.02083203125 0.008104166666666666
3 0.6904296875 0.41029861111111116 0.01692578125 0.009256944444444444
10 0.6228828125 0.5891180555555556 0.02962109375 0.05671527777777778
8 0.8076171875 0.5190972222222222 0.015625 0.03935416666666667
8 0.6857109375 0.3165486111111111 0.010089843749999999 0.03125
7 0.67903515625 0.3208888888888889 0.00390625 0.015625
4 0.43994140625 0.2578125 0.0400390625 0.17881944444444445
4 0.35205078125 0.18663194444444445 0.0341796875 0.140625
4 0.68115234375 0.390625 0.0458984375 0.19444444444444445
4 0.80908203125 0.6241319444444444 0.0771484375 0.2795138888888889
5 0.65185546875 0.6467013888888888 0.2431640625 0.4045138888888889