6 0.6893710937499999 0.4269583333333334 0.02666015625 0.042805555555555555
9 0.228859375 0.9057430555555556 0.05616015625 0.1485277777777778
9 0.7319453125 0.7811875 0.04566015625 0.11236805555555555
8 0.660078125 0.24012499999999998 0.0227578125 0.053402777777777785
6 0.399421875 0.09728472222222223 0.01707421875 0.050118055555555555
4 0.39713671875 0.13078472222222223 0.046875 0.1412013888888889
4 0.48893359375 0.11921527777777777 0.04036328125 0.13657638888888887
4 0.65559765625 0.2858819444444445 0.05078125 0.15509027777777779
4 0.6796875 0.49768749999999995 0.06770703125000001 0.2129652777777778
5 0.77799609375 0.8113402777777777 0.29036328125 0.37731250000000005
5 0.28059765625 0.84375 0.26171875 0.3125