6 0.54251953125 0.16293055555555555 0.0099140625 0.024569444444444446
8 0.53365234375 0.15678472222222223 0.0084140625 0.020833333333333332
10 0.41887109375 0.19284027777777776 0.01983203125 0.03098611111111111
9 0.44996875000000003 0.19818055555555555 0.0201328125 0.03311805555555555
3 0.44230859375 0.2705694444444445 0.024640625 0.012284722222222223
3 0.59029296875 0.8271875000000001 0.04537109375 0.0165625
6 0.791015625 0.5777222222222222 0.0213359375 0.04220138888888889
8 0.77689453125 0.5742499999999999 0.00811328125 0.03952777777777778
3 0.80859375 0.7262291666666667 0.0234375 0.009083333333333334
3 0.7044765625 0.5638333333333333 0.01592578125 0.009083333333333334
8 0.6881015625 0.44738194444444446 0.014421875 0.03045138888888889
4 0.54150390625 0.20833333333333334 0.0361328125 0.15625
4 0.6865234375 0.5416666666666666 0.072265625 0.25
4 0.7900390625 0.6935763888888888 0.080078125 0.3107638888888889
5 0.43408203125 0.22916666666666666 0.0966796875 0.16319444444444445
5 0.55322265625 0.6935763888888888 0.2119140625 0.3802083333333333
5 0.39501953125 0.0842013888888889 0.0712890625 0.10243055555555555