3 0.6901640625 0.4112986111111111 0.014558593750000001 0.008208333333333333
3 0.54527734375 0.4084583333333333 0.015269531250000001 0.0050486111111111105
3 0.41335156250000005 0.10447916666666666 0.009234375 0.005680555555555555
8 0.529296875 0.3005069444444445 0.010296875 0.02651388888888889
8 0.53994921875 0.3162847222222222 0.00958984375 0.023993055555555552
8 0.53426953125 0.23895138888888887 0.01171875 0.03219444444444444
8 0.68661328125 0.3150277777777778 0.00745703125 0.027777777777777776
7 0.6798632812500001 0.3203888888888889 0.0046171875 0.014520833333333334
6 0.4106875 0.056187499999999994 0.00958984375 0.016416666666666666
4 0.6796875 0.3940972222222222 0.048828125 0.20833333333333334
4 0.5380859375 0.3897569444444444 0.05078125 0.21006944444444445
4 0.4111328125 0.09027777777777778 0.03125 0.1076388888888889
5 0.06396484375 0.2942708333333333 0.1279296875 0.1684027777777778