8 0.5029296875 0.13476388888888888 0.00927734375 0.020402777777777777
3 0.50500390625 0.19552777777777777 0.011964843749999999 0.0047777777777777775
3 0.44507031250000006 0.26259027777777777 0.01171875 0.012152777777777778
6 0.4443359375 0.203125 0.01220703125 0.029513888888888888
6 0.54052734375 0.23741666666666666 0.009765625 0.0234375
6 0.51355078125 0.3116319444444444 0.0134296875 0.034722222222222224
8 0.503296875 0.29405555555555557 0.0075703125 0.020402777777777777
3 0.52062890625 0.40321527777777777 0.018312500000000002 0.006944444444444444
3 0.34497265625 0.7588958333333333 0.0419921875 0.0160625
6 0.694703125 0.453125 0.017824218750000002 0.03819444444444445
3 0.71203515625 0.5577222222222222 0.0134296875 0.017361111111111112
5 0.34814453125 0.640625 0.1669921875 0.3368055555555556
4 0.4453125 0.2630208333333333 0.041015625 0.16145833333333334
4 0.5029296875 0.171875 0.03125 0.1284722222222222
4 0.5126953125 0.3758680555555556 0.044921875 0.21006944444444445
4 0.54150390625 0.2951388888888889 0.0361328125 0.15625
4 0.69384765625 0.546875 0.0732421875 0.2465277777777778