6 0.462890625 0.13541666666666666 0.009765625 0.025465277777777778
6 0.4041328125 0.193 0.011394531250000001 0.028354166666666666
3 0.40397265625 0.2745972222222222 0.014972656249999999 0.006368055555555556
3 0.46565625 0.2037013888888889 0.013347656250000001 0.006944444444444444
3 0.548828125 0.2445 0.013671875 0.007520833333333333
8 0.5489921875 0.182 0.0087890625 0.019097222222222224
3 0.368 0.8162638888888889 0.02962109375 0.013312500000000001
6 0.36881640625 0.6464097222222223 0.02604296875 0.05439583333333333
4 0.3701171875 0.7769097222222222 0.080078125 0.3385416666666667
4 0.404296875 0.2526041666666667 0.0390625 0.16493055555555555
4 0.462890625 0.18663194444444445 0.037109375 0.15104166666666666
4 0.5458984375 0.234375 0.037109375 0.14930555555555555