3 0.4482421875 0.7092986111111111 0.02278515625 0.009645833333333334
8 0.44889453125 0.5814027777777778 0.017578125 0.04089583333333333
3 0.52398046875 0.2092986111111111 0.009332031250000001 0.005013888888888889
8 0.521375 0.14139583333333333 0.00803125 0.016590277777777777
8 0.51497265625 0.13638194444444443 0.00433984375 0.021993055555555557
3 0.39366406249999997 0.17284027777777777 0.009113281249999999 0.005402777777777778
6 0.39453125 0.11497222222222223 0.008246093749999999 0.021604166666666667
3 0.3796875 0.11535416666666667 0.0171875 0.008486111111111111
4 0.44970703125 0.7065972222222222 0.0712890625 0.3055555555555556
4 0.3935546875 0.15885416666666666 0.033203125 0.1267361111111111
4 0.51953125 0.18836805555555555 0.041015625 0.1545138888888889
5 0.38037109375 0.08333333333333333 0.0712890625 0.1076388888888889