3 0.34605859375 0.9112986111111111 0.03160546875 0.011993055555555555
6 0.3464140625 0.7181180555555555 0.02734375 0.05365972222222222
8 0.888671875 0.738638888888889 0.0188203125 0.050506944444444445
3 0.93732421875 0.9163541666666666 0.023082031250000003 0.014520833333333334
8 0.68270703125 0.3200763888888889 0.0124296875 0.029041666666666667
6 0.60901953125 0.268625 0.0149140625 0.024618055555555556
3 0.61044140625 0.3630069444444445 0.01207421875 0.012624999999999999
3 0.4018125 0.16319444444444445 0.013847656250000001 0.006944444444444444
6 0.40110156249999995 0.10290277777777779 0.0110078125 0.023993055555555552
6 0.45857421875000004 0.059027777777777776 0.0059609375 0.017180555555555553
4 0.681640625 0.3880208333333333 0.044921875 0.19618055555555555
4 0.6044921875 0.3350694444444444 0.0390625 0.1701388888888889
4 0.3994140625 0.1467013888888889 0.03515625 0.13020833333333334
4 0.4580078125 0.09461805555555555 0.025390625 0.11631944444444445
4 0.3505859375 0.8333333333333334 0.080078125 0.3333333333333333
4 0.89111328125 0.8506944444444444 0.1337890625 0.2986111111111111