3 0.5530546875 0.8661458333333333 0.05350390625 0.02765972222222222
8 0.35398046875 0.48345138888888883 0.04337890625 0.026159722222222223
6 0.5600859375 0.3176875 0.02069140625 0.04647916666666667
6 0.9269804687500001 0.6269930555555555 0.0305234375 0.05397916666666667
9 0.4974609375 0.6658888888888889 0.043875 0.09474305555555557
4 0.56380078125 0.3888888888888889 0.0625 0.1990763888888889
4 0.9296875 0.7199097222222223 0.109375 0.3101875
4 0.44856640625 0.2557847222222222 0.04296875 0.15509027777777779
4 0.515625 0.23147916666666665 0.046875 0.12963194444444442
5 0.35026171875 0.40625 0.13020703125 0.22916666666666666
5 0.52799609375 0.7280069444444444 0.20442578125000002 0.37731250000000005