8 0.8392265625 0.8108194444444444 0.02689453125 0.07904166666666666
3 0.5445898437500001 0.6522222222222223 0.03918359375 0.04426388888888889
9 0.31062500000000004 0.870548611111111 0.04260546875 0.1151736111111111
8 0.52558203125 0.27022222222222225 0.01679296875 0.048777777777777774
6 0.6063046875 0.24591666666666667 0.021984375 0.041826388888888885
9 0.50487890625 0.49549305555555556 0.03528125 0.06875694444444445
5 0.52734375 0.5520833333333334 0.16666796875 0.2939791666666667
5 0.34114453125 0.8449097222222223 0.2109375 0.3101875
4 0.81901171875 0.875 0.11979296875 0.25
4 0.53190234375 0.3240763888888889 0.05338671874999999 0.16203472222222223
4 0.60676953125 0.3171319444444445 0.0546875 0.14814583333333334