3 0.3341328125 0.2385138888888889 0.014421875 0.005875000000000001
3 0.47505859375000004 0.10043055555555556 0.0096171875 0.004270833333333334
8 0.47340625000000003 0.06223611111111112 0.00811328125 0.017625
6 0.3353359375 0.1685347222222222 0.01081640625 0.02297222222222222
3 0.39498046875 0.07425 0.00751171875 0.006409722222222223
6 0.39453125 0.027777777777777776 0.0084140625 0.018159722222222223
6 0.85186328125 0.4722222222222222 0.01862890625 0.04059722222222222
3 0.88746875 0.5868055555555556 0.01171875 0.009083333333333334
4 0.337890625 0.2152777777777778 0.033203125 0.13194444444444445
4 0.474609375 0.09809027777777778 0.029296875 0.109375
4 0.396484375 0.06770833333333333 0.0234375 0.10069444444444445
4 0.85546875 0.5685763888888888 0.111328125 0.24131944444444445