3 0.423296875 0.1328888888888889 0.01846484375 0.009472222222222222
3 0.40837890625 0.3112361111111111 0.02556640625 0.010104166666666668
3 0.5284921875 0.26266666666666666 0.013328125 0.005722222222222222
3 0.53515625 0.1926041666666667 0.01194921875 0.006125
8 0.524703125 0.1907708333333333 0.01033984375 0.024506944444444442
6 0.5341210937499999 0.131125 0.0089609375 0.01961111111111111
3 0.90567578125 0.8118888888888888 0.04158984375 0.015930555555555555
4 0.52392578125 0.2465277777777778 0.0341796875 0.1597222222222222
4 0.53466796875 0.16493055555555555 0.0263671875 0.10416666666666667
5 0.42138671875 0.0998263888888889 0.0751953125 0.11631944444444445
5 0.40966796875 0.2604166666666667 0.0986328125 0.1701388888888889
5 0.83544921875 0.6753472222222222 0.2685546875 0.4409722222222222