6 0.51171875 0.3565694444444445 0.0150234375 0.03258333333333333
6 0.5841328125 0.28605555555555556 0.014421875 0.03365277777777778
3 0.58819140625 0.3840833333333334 0.018328125 0.008548611111111111
3 0.68509765625 0.4086527777777778 0.0162265625 0.006409722222222223
8 0.68013671875 0.31864583333333335 0.0123203125 0.027243055555555555
8 0.6700703125 0.3042222222222222 0.0084140625 0.02297222222222222
4 0.51318359375 0.4409722222222222 0.0576171875 0.2152777777777778
4 0.58447265625 0.3628472222222222 0.0498046875 0.19791666666666666
4 0.68115234375 0.3828125 0.0615234375 0.21006944444444445
5 0.390625 0.1293402777777778 0.076171875 0.1267361111111111
4 0.0458984375 0.3454861111111111 0.05859375 0.1597222222222222
4 0.154296875 0.1623263888888889 0.037109375 0.109375