8 0.6853281250000001 0.3155833333333333 0.013019531249999999 0.027777777777777776
3 0.68901953125 0.4108819444444444 0.01605859375 0.008486111111111111
3 0.49153515625 0.2534722222222222 0.0125859375 0.006944444444444444
8 0.4880625 0.19136111111111112 0.009984375 0.02314583333333333
3 0.48544921875 0.1390625 0.0080078125 0.008680555555555556
8 0.483984375 0.0984375 0.007421875 0.013541666666666667
8 0.4802734375 0.08697916666666666 0.00703125 0.00798611111111111
3 0.462890625 0.08854166666666667 0.008984375 0.005555555555555556
6 0.46201171875 0.03819444444444445 0.0080078125 0.018055555555555554
3 0.381296875 0.08402777777777778 0.01553125 0.005555555555555556
5 0.3828125 0.0546875 0.068359375 0.09895833333333333
4 0.4609375 0.0685763888888889 0.029296875 0.09895833333333333
4 0.4853515625 0.1440972222222222 0.025390625 0.1111111111111111
4 0.4912109375 0.2534722222222222 0.0390625 0.14930555555555555
4 0.67919921875 0.3880208333333333 0.0478515625 0.1996527777777778