3 0.390046875 0.6512986111111111 0.05040625 0.023888888888888887
10 0.36543359375 0.49292361111111105 0.0394921875 0.06818055555555556
11 0.3613671875 0.4902847222222222 0.024656249999999998 0.04758333333333333
8 0.57703515625 0.28875 0.013707031250000001 0.025736111111111112
3 0.37084375 0.30270138888888887 0.02637890625 0.012805555555555556
9 0.35586328125 0.21861805555555555 0.0203515625 0.042055555555555554
4 0.57551953125 0.3564791666666667 0.05989453125000001 0.1851875
4 0.537109375 0.15161805555555558 0.03776171875 0.12268749999999999
5 0.41080859375 0.11689583333333334 0.07161328125000001 0.11342361111111111
5 0.37044140625 0.2534722222222222 0.09765625 0.19213194444444445
5 0.36653515625 0.5034722222222222 0.11067578125 0.2245347222222222