8 0.68394921875 0.3185 0.01065234375 0.025881944444444447
3 0.69051953125 0.4106666666666667 0.01669140625 0.008208333333333333
6 0.51136328125 0.2582083333333333 0.013496093749999999 0.029041666666666667
3 0.51171875 0.3159722222222222 0.01136328125 0.011993055555555555
3 0.41246484375000003 0.2326388888888889 0.014558593750000001 0.006944444444444444
6 0.41175390624999997 0.16161805555555556 0.013847656250000001 0.02651388888888889
8 0.52574609375 0.11742361111111112 0.00745703125 0.016416666666666666
8 0.7283398437499999 0.9267708333333333 0.026988281250000003 0.04671527777777777
8 0.74698046875 0.9791666666666666 0.02166015625 0.041666666666666664
4 0.41162109375 0.21788194444444445 0.0283203125 0.15104166666666666
4 0.51220703125 0.3211805555555556 0.0419921875 0.16319444444444445
4 0.6806640625 0.3914930555555556 0.048828125 0.19270833333333334
4 0.5224609375 0.1605902777777778 0.029296875 0.13020833333333334
5 0.251953125 0.8897569444444444 0.201171875 0.2204861111111111