3 0.48026171875 0.1832986111111111 0.009457031250000001 0.005479166666666666
8 0.47419921875000004 0.1346875 0.009664062499999999 0.02229861111111111
3 0.44942578125 0.32419444444444445 0.018914062500000002 0.010965277777777777
6 0.775390625 0.5970416666666667 0.02323046875 0.052263888888888894
8 0.7579140625 0.5729166666666666 0.01212890625 0.04056944444444444
3 0.7903984375 0.7403124999999999 0.01583203125 0.009138888888888889
6 0.970703125 0.5406736111111111 0.01897265625 0.0386875
4 0.4775390625 0.15538194444444445 0.02734375 0.08854166666666667
4 0.767578125 0.7135416666666666 0.087890625 0.3402777777777778
4 0.9599609375 0.6241319444444444 0.080078125 0.2309027777777778
5 0.4541015625 0.2526041666666667 0.087890625 0.1892361111111111