6 0.3433046875 0.36954166666666666 0.027238281250000003 0.057611111111111106
8 0.68429296875 0.3213888888888889 0.02431640625 0.05388888888888888
8 0.5468046875 0.3602847222222222 0.020171875 0.03908333333333333
10 0.53808203125 0.7441458333333333 0.0626171875 0.11236111111111112
11 0.53534765625 0.7353402777777779 0.038921875 0.0855
3 0.6035703125 0.9666250000000001 0.06078515625000001 0.03417361111111111
4 0.68489453125 0.3935208333333333 0.06770703125000001 0.18055555555555555
4 0.546875 0.40856250000000005 0.0625 0.21990972222222224
4 0.33723828125 0.4328680555555556 0.06770703125000001 0.20833333333333334
5 0.56901171875 0.7962986111111111 0.25520703125 0.4074097222222222
5 0.36653515625 0.2719930555555556 0.10026171875 0.16897916666666668