4 0.48120312500000006 0.6680347222222223 0.07112890625 0.2828263888888889
4 0.6814218750000001 0.5933611111111111 0.0848515625 0.26543055555555556
4 0.8236953124999999 0.6969791666666667 0.09986328125 0.2990486111111111
4 0.49796874999999996 0.4822222222222222 0.055832031250000004 0.21676388888888887
4 0.489828125 0.30075694444444445 0.043460937500000005 0.17675000000000002
6 0.48803515624999994 0.23504861111111114 0.014484374999999999 0.048798611111111105
6 0.47729296874999994 0.5528263888888889 0.02815625 0.059354166666666666
8 0.4994296875 0.3959583333333333 0.0216484375 0.044236111111111115
8 0.827921875 0.5947847222222222 0.02237890625 0.042583333333333334
8 0.8150625 0.5704791666666666 0.022050781250000002 0.04257638888888889
6 0.6833750000000001 0.48452083333333335 0.030160156249999997 0.05469444444444445