3 0.48388671875 0.15104166666666666 0.011394531250000001 0.004631944444444445
6 0.4833984375 0.09288194444444445 0.0078125 0.0179375
3 0.40592578125 0.12152777777777778 0.01823046875 0.008104166666666666
3 0.46044921875 0.07725694444444445 0.008136718749999999 0.004048611111111111
3 0.4357109375 0.3836805555555556 0.01725390625 0.008104166666666666
6 0.43505859375 0.2916666666666667 0.013347656250000001 0.025465277777777778
8 0.68896484375 0.7045694444444445 0.0185546875 0.04803472222222222
8 0.70784375 0.7369791666666666 0.0166015625 0.050347222222222224
8 0.8728828125 0.6264444444444445 0.01985546875 0.050347222222222224
3 0.8888828125 0.7722777777777777 0.02125390625 0.008680555555555556
8 0.6861328125 0.3165486111111111 0.0087890625 0.027777777777777776
7 0.679296875 0.3211805555555556 0.00358203125 0.017361111111111112
3 0.689875 0.4108819444444444 0.01627734375 0.008104166666666666
5 0.40380859375 0.0763888888888889 0.0732421875 0.1388888888888889
4 0.4609375 0.06163194444444445 0.0234375 0.08854166666666667
4 0.48388671875 0.13020833333333334 0.0283203125 0.11805555555555555
4 0.4375 0.3671875 0.048828125 0.1996527777777778
4 0.68798828125 0.3914930555555556 0.0419921875 0.203125
4 0.86279296875 0.7560763888888888 0.0927734375 0.3315972222222222
4 0.68994140625 0.8342013888888888 0.1025390625 0.3315972222222222