3 0.32890625 0.5114583333333333 0.03125 0.013194444444444444
9 0.3142578125 0.3611111111111111 0.024609375 0.044444444444444446
3 0.628515625 0.6548611111111111 0.0359375 0.016666666666666666
9 0.6076171875 0.5097222222222222 0.032421875 0.05138888888888889
10 0.5658203125 0.5114583333333333 0.024609375 0.06041666666666667
6 0.6275390625 0.33194444444444443 0.015234375 0.03333333333333333
8 0.6177734375 0.31875 0.005078125 0.0375
8 0.71640625 0.35659722222222223 0.0125 0.035416666666666666
5 0.34033203125 0.4201388888888889 0.1435546875 0.2708333333333333
5 0.5849609375 0.5494791666666666 0.1953125 0.2934027777777778
4 0.62841796875 0.3810763888888889 0.0498046875 0.17881944444444445
4 0.7158203125 0.4253472222222222 0.044921875 0.2048611111111111