3 0.2953125 0.8197916666666667 0.0296875 0.013194444444444444
8 0.29765625 0.6434027777777778 0.01796875 0.04375
8 0.68515625 0.3145833333333333 0.00859375 0.027777777777777776
7 0.67890625 0.32013888888888886 0.0046875 0.018055555555555554
3 0.6896484375 0.41041666666666665 0.015234375 0.009722222222222222
3 0.478125 0.11215277777777778 0.0125 0.004861111111111111
8 0.4783203125 0.06388888888888888 0.008203125 0.018055555555555554
3 0.448046875 0.06736111111111111 0.0078125 0.005555555555555556
8 0.4482421875 0.02013888888888889 0.008203125 0.015277777777777777
4 0.302734375 0.7873263888888888 0.0703125 0.3385416666666667
4 0.68017578125 0.3914930555555556 0.0517578125 0.19618055555555555
4 0.47705078125 0.09288194444444445 0.0263671875 0.10590277777777778
4 0.447265625 0.051215277777777776 0.029296875 0.09895833333333333