3 0.38112109375 0.5326388888888889 0.03359375 0.01342361111111111
10 0.3625 0.3789375 0.03176953125 0.044909722222222226
10 0.40950390625 0.3849513888888889 0.03359375 0.050465277777777776
11 0.41354296875 0.3837986111111111 0.01614453125 0.03703472222222222
11 0.35755078125 0.37777777777777777 0.013019531249999999 0.030555555555555555
8 0.48762890625 0.15069444444444444 0.00859375 0.018979166666666665
3 0.49036328124999995 0.22175694444444444 0.013019531249999999 0.005555555555555556
8 0.63372265625 0.2337986111111111 0.01015625 0.02407638888888889
3 0.64622265625 0.31666666666666665 0.01380078125 0.006479166666666667
5 0.38525390625 0.4149305555555556 0.1357421875 0.3229166666666667
5 0.369140625 0.2126736111111111 0.087890625 0.1371527777777778
4 0.48779296875 0.2013888888888889 0.0322265625 0.1388888888888889
4 0.6337890625 0.296875 0.048828125 0.16666666666666666