3 0.34448046875 0.6024305555555556 0.04150390625 0.015625
3 0.49194531250000006 0.2209236111111111 0.01123046875 0.011284722222222222
3 0.6901875000000001 0.4105902777777778 0.01708984375 0.008680555555555556
8 0.547265625 0.8604166666666667 0.02109375 0.06111111111111111
8 0.6826171875 0.3177083333333333 0.010546875 0.024305555555555556
8 0.491796875 0.1642361111111111 0.00859375 0.01875
3 0.4923828125 0.22256944444444443 0.011328125 0.010416666666666666
3 0.3908203125 0.15590277777777778 0.019140625 0.011805555555555555
4 0.54345703125 0.9105902777777778 0.0947265625 0.17881944444444445
4 0.4892578125 0.21788194444444445 0.04296875 0.15104166666666666
5 0.38916015625 0.11979166666666667 0.0771484375 0.13194444444444445
5 0.3486328125 0.5060763888888888 0.146484375 0.2829861111111111
4 0.68359375 0.390625 0.041015625 0.1909722222222222