8 0.685921875 0.31332638888888886 0.018789062500000002 0.03258333333333333
6 0.66324609375 0.38137499999999996 0.02383203125 0.051083333333333335
3 0.37067578125 0.46172916666666663 0.037109375 0.015819444444444445
10 0.396578125 0.33489583333333334 0.0369453125 0.08130555555555555
11 0.39634375 0.33572916666666663 0.022300781250000002 0.05498611111111112
9 0.348 0.33755555555555555 0.0295546875 0.06702777777777777
6 0.44956640625000005 0.05698611111111111 0.01536328125 0.03222222222222222
8 0.65625 0.3819444444444444 0.02864453125 0.0601875
4 0.65494921875 0.4618055555555556 0.0703125 0.24305555555555555
4 0.6875 0.3622708333333333 0.04426953125 0.17824305555555556
5 0.37239453125 0.3784722222222222 0.125 0.2662013888888889